---------------------#1: seed=510---------------------------
[1, array([ 0.15375144, -0.49169543]), 3.317090803628258, 8.7571791894080082]
[2, array([ 0.15375144, -0.49169543]), 3.317090803628258, 7.9733847928241754]
[3, array([-0.11662351, -0.19361539]), 1.6226591784485866, 6.6958244988342868]
[4, array([-0.11662351, -0.19361539]), 1.6226591784485866, 6.2258276789610836]
[5, array([-0.11662351, -0.19361539]), 1.6226591784485866, 5.5836723144047866]
[6, array([-0.11662351, -0.19361539]), 1.6226591784485866, 5.4527585081192118]
[7, array([-0.11662351, -0.19361539]), 1.6226591784485866, 4.8435135296625473]
[8, array([-0.11662351, -0.19361539]), 1.6226591784485866, 4.7057148971799858]
[9, array([ 0.16017733, -0.05357058]), 1.0956900468704842, 4.2445358046788852]
[10, array([ 0.16017733, -0.05357058]), 1.0956900468704842, 4.0282109567824307]
[11, array([ 0.16017733, -0.05357058]), 1.0956900468704842, 3.7828684099460572]
[12, array([ 0.16017733, -0.05357058]), 1.0956900468704842, 3.5574718554853044]
[13, array([ 0.16017733, -0.05357058]), 1.0956900468704842, 3.3996471943439253]
[14, array([-0.0325548 , -0.05357058]), 0.27913628434037863, 3.2334378746177754]
[15, array([-0.0325548 , -0.05357058]), 0.27913628434037863, 3.0593811041769263]
[16, array([-0.0325548 , -0.05357058]), 0.27913628434037863, 2.7935988405517911]
[17, array([-0.0325548 , -0.05357058]), 0.27913628434037863, 2.447016362708196]
[18, array([ 0.04123446, -0.04598146]), 0.27374151298018079, 1.990117527777608]
[19, array([ 0.04123446, -0.04598146]), 0.27374151298018079, 1.7785470227917757]
[20, array([ 0.04123446, -0.04598146]), 0.27374151298018079, 1.5380998415891567]
[21, array([ 0.03813915, -0.04598146]), 0.26177998556087134, 1.114787225624295]
[22, array([ 0.01887444,  0.01724163]), 0.089632916294668963, 0.8594707224725292]
[23, array([ 0.01887444,  0.01724163]), 0.089632916294668963, 0.58488559200026469]
[24, array([ 0.01624719,  0.01001694]), 0.063662421506660127, 0.55163843199764329]
[25, array([ 0.01624719,  0.01001694]), 0.063662421506660127, 0.50925109966322724]
[26, array([ 0.01624719,  0.01001694]), 0.063662421506660127, 0.39724547094647883]
[27, array([-0.01320162, -0.0036548 ]), 0.043733541627674288, 0.35400910167031918]
[28, array([-0.01320162, -0.0036548 ]), 0.043733541627674288, 0.27772487544797314]
[29, array([-0.01320162, -0.0036548 ]), 0.043733541627674288, 0.23917244543756225]
[30, array([-0.01320162, -0.0036548 ]), 0.043733541627674288, 0.20277671071119849]
[31, array([-0.01320162, -0.0036548 ]), 0.043733541627674288, 0.17944250680125284]
[32, array([ 0.00166786,  0.00134163]), 0.0061762543142056536, 0.15490086430584754]
[33, array([ 0.00166786,  0.00134163]), 0.0061762543142056536, 0.13882085889511772]
[34, array([ 0.00166786,  0.00134163]), 0.0061762543142056536, 0.12075021974810438]
[35, array([ 0.00166786,  0.00134163]), 0.0061762543142056536, 0.10477467978475845]
[36, array([ 0.00166786,  0.00134163]), 0.0061762543142056536, 0.093392582008460234]
[37, array([-0.00086569, -0.00081969]), 0.0034098549955818847, 0.066769083697773818]
[38, array([-0.00086569, -0.00081969]), 0.0034098549955818847, 0.06497231682292251]
[39, array([-0.00086569, -0.00081969]), 0.0034098549955818847, 0.053579180776353132]
[40, array([-0.00086569, -0.00081969]), 0.0034098549955818847, 0.033164885163232592]
[41, array([-0.00086569, -0.00081969]), 0.0034098549955818847, 0.0262232311107101]
[42, array([-0.00086569, -0.00081969]), 0.0034098549955818847, 0.024810762728410207]
[43, array([-0.00085781,  0.00041318]), 0.0027171796686329408, 0.020635915622877921]
[44, array([ 0.00050732,  0.00041318]), 0.0018620058404974493, 0.016668185404050552]
[45, array([ 0.00050732,  0.00041318]), 0.0018620058404974493, 0.014688606635554446]
[46, array([ 0.00050732,  0.00041318]), 0.0018620058404974493, 0.010724432477362189]
[47, array([ 0.00050732,  0.00041318]), 0.0018620058404974493, 0.0092302310655898445]
[48, array([ 0.00050732,  0.00041318]), 0.0018620058404974493, 0.0078715714029933721]
[49, array([ 0.00050732,  0.00041318]), 0.0018620058404974493, 0.0069507445345425188]
[50, array([ 0.00050732,  0.00041318]), 0.0018620058404974493, 0.005033142495444576]
[51, array([ 0.00050732,  0.00041318]), 0.0018620058404974493, 0.004436452306240124]
[52, array([  8.35815716e-05,  -2.98077881e-04]), 0.00087816056017020472, 0.0035064847494076013]
[53, array([  8.35815716e-05,  -2.98077881e-04]), 0.00087816056017020472, 0.0033921942623680755]
[54, array([  5.07163205e-05,   1.80512877e-05]), 0.00015233994562935393, 0.0025931789707782649]
[55, array([  5.07163205e-05,   1.80512877e-05]), 0.00015233994562935393, 0.002089471812859056]
[56, array([  5.07163205e-05,   1.80512877e-05]), 0.00015233994562935393, 0.0015786957347025954]
[57, array([  5.07163205e-05,   1.80512877e-05]), 0.00015233994562935393, 0.0014221265427367235]
[58, array([  5.07163205e-05,   1.80512877e-05]), 0.00015233994562935393, 0.0012239895467641483]
[59, array([  5.07163205e-05,   1.80512877e-05]), 0.00015233994562935393, 0.0011301945258931135]
[60, array([  5.07163205e-05,   1.80512877e-05]), 0.00015233994562935393, 0.0010151520870816278]
[61, array([  3.66348606e-05,   1.80512877e-05]), 0.00011555933176454758, 0.00090541271065047724]
[62, array([  3.66348606e-05,   1.80512877e-05]), 0.00011555933176454758, 0.00071682558305097288]
[63, array([  3.66348606e-05,   1.80512877e-05]), 0.00011555933176454758, 0.00054710507250641525]
[64, array([  3.66348606e-05,   1.80512877e-05]), 0.00011555933176454758, 0.00043456443319191964]
[65, array([ -1.01761755e-05,  -7.30739181e-07]), 2.8859455849516991e-05, 0.00039586302500316251]
[66, array([ -1.01761755e-05,  -7.30739181e-07]), 2.8859455849516991e-05, 0.00034021485120456775]
[67, array([ -1.01761755e-05,  -7.30739181e-07]), 2.8859455849516991e-05, 0.00023778695872964662]
[68, array([ -1.01761755e-05,  -7.30739181e-07]), 2.8859455849516991e-05, 0.00021860549369607797]
[69, array([ -1.01761755e-05,  -7.30739181e-07]), 2.8859455849516991e-05, 0.00021540790494478657]
[70, array([ -1.01761755e-05,  -7.30739181e-07]), 2.8859455849516991e-05, 0.0001985866532792535]
[71, array([ -1.01761755e-05,  -7.30739181e-07]), 2.8859455849516991e-05, 0.00016071264996329049]
[72, array([ -1.01761755e-05,  -7.30739181e-07]), 2.8859455849516991e-05, 0.00013227782292153379]
[73, array([ -3.22154170e-06,   6.29376230e-06]), 1.9999286007266193e-05, 0.00010593003088450459]
[74, array([ -4.46201810e-07,   5.22016095e-07]), 1.9423757717795809e-06, 8.1612559070531884e-05]
---------------------#2: seed=365---------------------------
[1, array([ 0.46552891,  0.98544654]), 4.5654524898539783, 8.9474440339951542]
[2, array([-0.11205901,  0.98544654]), 2.9271407363779898, 8.0630261022122447]
[3, array([-0.11205901,  0.98544654]), 2.9271407363779898, 7.0506567546921959]
[4, array([-0.11205901,  0.98544654]), 2.9271407363779898, 6.2412168341398004]
[5, array([-0.11205901,  0.98544654]), 2.9271407363779898, 5.8287021900477765]
[6, array([-0.11205901,  0.98544654]), 2.9271407363779898, 5.5229866184179368]
[7, array([-0.08606265,  0.98544654]), 2.803429385061126, 5.17638787765841]
[8, array([ 0.00059192,  0.03413346]), 0.12729533274677651, 4.4356541654216963]
[9, array([ 0.00059192,  0.03413346]), 0.12729533274677651, 4.0705294593416754]
[10, array([ 0.00059192,  0.03413346]), 0.12729533274677651, 3.499322466478906]
[11, array([ 0.00059192,  0.03413346]), 0.12729533274677651, 3.2796619721064757]
[12, array([ 0.00059192,  0.03413346]), 0.12729533274677651, 3.2579164547178046]
[13, array([ 0.00059192,  0.03413346]), 0.12729533274677651, 3.1241292075900753]
[14, array([ 0.00059192,  0.03413346]), 0.12729533274677651, 2.7777809059424619]
[15, array([ 0.00059192,  0.03413346]), 0.12729533274677651, 2.7209616841840911]
[16, array([ 0.00059192,  0.03413346]), 0.12729533274677651, 2.4172719739600703]
[17, array([ 0.00059192,  0.03413346]), 0.12729533274677651, 2.1343568297510687]
[18, array([ 0.00059192,  0.03413346]), 0.12729533274677651, 1.8295062280141825]
[19, array([ 0.00059192,  0.03413346]), 0.12729533274677651, 1.5178443560055992]
[20, array([ 0.00059192,  0.03413346]), 0.12729533274677651, 1.2374735436552124]
[21, array([ 0.00059192,  0.03413346]), 0.12729533274677651, 0.99419624006125318]
[22, array([ 0.00059192,  0.03413346]), 0.12729533274677651, 0.8519902966036732]
[23, array([ 0.01546847, -0.01610963]), 0.076407554400777844, 0.57656096114378985]
[24, array([-0.01203792,  0.01205777]), 0.055906845688611373, 0.42971194339873353]
[25, array([-0.01203792,  0.01205777]), 0.055906845688611373, 0.29544883385005843]
[26, array([-0.01203792,  0.01205777]), 0.055906845688611373, 0.2567684990717779]
[27, array([ 0.01067947,  0.00641305]), 0.039361549946797414, 0.15932397558423944]
[28, array([-0.00107393, -0.00383961]), 0.011700086505947116, 0.118526090937723]
[29, array([-0.00107393, -0.00383961]), 0.011700086505947116, 0.10305079581279886]
[30, array([-0.00107393, -0.00383961]), 0.011700086505947116, 0.077014211214698938]
[31, array([-0.00265411, -0.00289966]), 0.011529811607776441, 0.063903856600788789]
[32, array([-0.00265411, -0.00289966]), 0.011529811607776441, 0.054277895470564538]
[33, array([-0.00265411, -0.00289966]), 0.011529811607776441, 0.043720515040557205]
[34, array([-0.00265411, -0.00289966]), 0.011529811607776441, 0.033395710664512898]
[35, array([-0.00265411, -0.00289966]), 0.011529811607776441, 0.028090668899973092]
[36, array([-0.00189595, -0.00314289]), 0.01074038957759571, 0.022579391023663485]
[37, array([-0.0001847 , -0.00366308]), 0.010732087974951288, 0.020096222639624895]
[38, array([-0.00189595,  0.00197015]), 0.0079326887463193607, 0.015766340661894508]
[39, array([ 0.00115243, -0.00180729]), 0.0061849378628946461, 0.013978935626615563]
[40, array([  9.14376530e-04,  -2.11204174e-05]), 0.0026092124943102313, 0.011180134128379126]
[41, array([  9.14376530e-04,  -2.11204174e-05]), 0.0026092124943102313, 0.011025929177303429]
[42, array([ -6.54475079e-05,  -2.11204174e-05]), 0.00019463965582078302, 0.0090594595031018525]
[43, array([ -6.54475079e-05,  -2.11204174e-05]), 0.00019463965582078302, 0.007772333737181736]
[44, array([ -6.54475079e-05,  -2.11204174e-05]), 0.00019463965582078302, 0.0067308996695683906]
[45, array([ -6.54475079e-05,  -2.11204174e-05]), 0.00019463965582078302, 0.0046969388845190529]
[46, array([ -6.54475079e-05,  -2.11204174e-05]), 0.00019463965582078302, 0.0040273169685453251]
[47, array([ -6.54475079e-05,  -2.11204174e-05]), 0.00019463965582078302, 0.0031723534659586329]
[48, array([ -6.54475079e-05,  -2.11204174e-05]), 0.00019463965582078302, 0.002688640406527565]
[49, array([ -6.54475079e-05,  -2.11204174e-05]), 0.00019463965582078302, 0.0023254439768497725]
[50, array([  3.92929572e-05,  -3.25467210e-05]), 0.00014438080318557311, 0.0020993494428377169]
[51, array([  3.92929572e-05,  -3.25467210e-05]), 0.00014438080318557311, 0.0019691287294162584]
[52, array([  3.92929572e-05,  -3.25467210e-05]), 0.00014438080318557311, 0.0015113281130999744]
[53, array([  3.92929572e-05,  -3.25467210e-05]), 0.00014438080318557311, 0.0013065682569545877]
[54, array([ -4.50606027e-06,  -1.15636243e-05]), 3.5106464409739857e-05, 0.0012223344106875977]
[55, array([ -4.50606027e-06,  -1.15636243e-05]), 3.5106464409739857e-05, 0.00092190606446012073]
[56, array([ -4.50606027e-06,  -1.15636243e-05]), 3.5106464409739857e-05, 0.00076409392454346303]
[57, array([ -4.50606027e-06,  -1.15636243e-05]), 3.5106464409739857e-05, 0.00068700164643731298]
[58, array([ -4.50606027e-06,  -1.15636243e-05]), 3.5106464409739857e-05, 0.00042168117180496623]
[59, array([ -4.50606027e-06,  -1.15636243e-05]), 3.5106464409739857e-05, 0.00032070313059415765]
[60, array([ -4.50606027e-06,  -1.15636243e-05]), 3.5106464409739857e-05, 0.00028415049587513506]
[61, array([ -4.50606027e-06,  -1.15636243e-05]), 3.5106464409739857e-05, 0.00028415049587513506]
[62, array([ -4.50606027e-06,  -1.15636243e-05]), 3.5106464409739857e-05, 0.00020891773113200783]
[63, array([ -4.50606027e-06,  -1.15636243e-05]), 3.5106464409739857e-05, 0.00016449739435602239]
[64, array([ -3.52637705e-06,   3.38642618e-06]), 1.3829076003890606e-05, 0.00014582013197506072]
[65, array([ -3.52637705e-06,   3.38642618e-06]), 1.3829076003890606e-05, 0.00011960403269375419]
[66, array([ -3.52637705e-06,   3.38642618e-06]), 1.3829076003890606e-05, 0.00011228556940077184]
[67, array([ -3.52637705e-06,   3.38642618e-06]), 1.3829076003890606e-05, 0.00010823595970128607]
[68, array([ -3.52637705e-06,   3.38642618e-06]), 1.3829076003890606e-05, 9.6324297408667553e-05]
[69, array([ -3.52637705e-06,   3.38642618e-06]), 1.3829076003890606e-05, 8.2559535892645641e-05]
[70, array([ -3.52637705e-06,   3.38642618e-06]), 1.3829076003890606e-05, 6.8823520647232075e-05]
[71, array([ -3.52637705e-06,   3.38642618e-06]), 1.3829076003890606e-05, 6.4056966919157071e-05]
[72, array([ -2.99235804e-06,   2.35907979e-06]), 1.0777942599293766e-05, 5.4902339163387381e-05]
[73, array([ -2.99235804e-06,   2.35907979e-06]), 1.0777942599293766e-05, 4.2359285024762275e-05]
[74, array([ -2.99235804e-06,   2.35907979e-06]), 1.0777942599293766e-05, 3.1791009294490634e-05]
[75, array([ -2.99235804e-06,   2.35907979e-06]), 1.0777942599293766e-05, 2.7603409288357027e-05]
[76, array([ -2.99235804e-06,   2.35907979e-06]), 1.0777942599293766e-05, 2.569182811980042e-05]
[77, array([ -1.36100914e-06,   1.01153172e-06]), 4.796360375980413e-06, 2.2238419986297943e-05]
---------------------#3: seed=382---------------------------
[1, array([-0.79820084,  0.21515068]), 3.631009559517008, 8.2260626782450768]
[2, array([-0.79820084,  0.21515068]), 3.631009559517008, 7.1034712512802454]
[3, array([-0.79820084,  0.21515068]), 3.631009559517008, 6.5814968491163537]
[4, array([-0.79820084,  0.21515068]), 3.631009559517008, 6.2279551974619007]
[5, array([-0.51020741, -0.09141261]), 3.2080484869792554, 5.7563221451034012]
[6, array([ 0.72789748,  0.02897003]), 3.1503245388307168, 5.5862326130101918]
[7, array([-0.05096965,  0.19514086]), 1.3774930480016008, 5.0925057136899365]
[8, array([-0.05096965,  0.19514086]), 1.3774930480016008, 4.8007808375995626]
[9, array([-0.05096965,  0.19514086]), 1.3774930480016008, 4.3149369008297329]
[10, array([ 0.00911305,  0.19514086]), 1.3126698698257511, 3.6857515216770294]
[11, array([ 0.00911305,  0.19514086]), 1.3126698698257511, 3.50977121369437]
[12, array([ 0.00911305,  0.19514086]), 1.3126698698257511, 3.2369722074902443]
[13, array([ 0.00911305,  0.19514086]), 1.3126698698257511, 3.0581166279815917]
[14, array([ 0.00911305,  0.19514086]), 1.3126698698257511, 3.0532000380726805]
[15, array([ 0.00911305,  0.19514086]), 1.3126698698257511, 2.893139193997893]
[16, array([ 0.00911305,  0.19514086]), 1.3126698698257511, 2.7556107118974076]
[17, array([-0.05492139, -0.03514787]), 0.29439150009287163, 2.3189893972589219]
[18, array([-0.05492139, -0.03514787]), 0.29439150009287163, 2.2279696517587753]
[19, array([-0.05492139, -0.03514787]), 0.29439150009287163, 2.0622839082538951]
[20, array([-0.04013601,  0.03087721]), 0.21034865686217019, 1.6387111317278691]
[21, array([-0.04013601,  0.03087721]), 0.21034865686217019, 1.4266795873173903]
[22, array([-0.03808184,  0.02216623]), 0.17563267089415691, 1.2302913677848097]
[23, array([-0.01229481,  0.00376177]), 0.04076267119369037, 0.97964199487684422]
[24, array([-0.01229481,  0.00376177]), 0.04076267119369037, 0.83487400334783091]
[25, array([-0.01229481,  0.00376177]), 0.04076267119369037, 0.51494586286803479]
[26, array([-0.01229481,  0.00376177]), 0.04076267119369037, 0.40848882992390434]
[27, array([-0.01229481,  0.00376177]), 0.04076267119369037, 0.37052534999471121]
[28, array([ 0.00338666,  0.00376177]), 0.014998660016339205, 0.32374551777744714]
[29, array([ 0.00338666,  0.00376177]), 0.014998660016339205, 0.24211433066441304]
[30, array([ 0.00338666,  0.00376177]), 0.014998660016339205, 0.15668428877557944]
[31, array([ 0.00338666,  0.00376177]), 0.014998660016339205, 0.13617911907379562]
[32, array([ 0.00338666,  0.00376177]), 0.014998660016339205, 0.12656245281316397]
[33, array([ 0.00338666,  0.00376177]), 0.014998660016339205, 0.093436864654367915]
[34, array([ 0.00338666,  0.00376177]), 0.014998660016339205, 0.071558688714512986]
[35, array([ 0.00338666,  0.00376177]), 0.014998660016339205, 0.048093659099626242]
[36, array([-0.00173854,  0.0043986 ]), 0.013973236627418562, 0.034790571351227498]
[37, array([ 0.00118339, -0.00229953]), 0.0074928743032249834, 0.025608232899465566]
[38, array([ 0.00184304, -0.00093538]), 0.0059595856036520622, 0.024267535505542438]
[39, array([-0.00081118,  0.00139281]), 0.0046280712035486893, 0.018618373959373269]
[40, array([-0.00081118,  0.00139281]), 0.0046280712035486893, 0.014688775614878313]
[41, array([-0.00081118,  0.00139281]), 0.0046280712035486893, 0.012043079524589028]
[42, array([-0.00103736,  0.00044199]), 0.0032231728273726112, 0.010518468591432129]
[43, array([-0.00103736,  0.00044199]), 0.0032231728273726112, 0.0087394602681357906]
[44, array([-0.00010775,  0.00035238]), 0.0010458653333000889, 0.0068177488737226179]
[45, array([-0.00010775,  0.00035238]), 0.0010458653333000889, 0.005411449555741665]
[46, array([-0.00010775,  0.00035238]), 0.0010458653333000889, 0.00406642145138667]
[47, array([ -1.97680681e-04,   8.45364860e-05]), 0.00060933658097228616, 0.0035826325150092762]
[48, array([  1.64273601e-04,   2.95205739e-05]), 0.00047282043414087482, 0.0030453623864789671]
[49, array([ -6.89378493e-05,  -5.79537478e-05]), 0.00025494821936122847, 0.0020578598644678259]
[50, array([ -6.89378493e-05,  -5.79537478e-05]), 0.00025494821936122847, 0.0018372647491292859]
[51, array([ -6.89378493e-05,  -5.79537478e-05]), 0.00025494821936122847, 0.0016941072346841502]
[52, array([  3.07620353e-05,   4.19015769e-05]), 0.00014709698191994747, 0.0013634484386256141]
[53, array([  3.07620353e-05,   4.19015769e-05]), 0.00014709698191994747, 0.00086877246924492728]
[54, array([  3.07620353e-05,   4.19015769e-05]), 0.00014709698191994747, 0.00081211884718355163]
[55, array([  3.07620353e-05,   4.19015769e-05]), 0.00014709698191994747, 0.00068147798113580291]
[56, array([  3.07620353e-05,   4.19015769e-05]), 0.00014709698191994747, 0.00060857091095352085]
[57, array([  3.07620353e-05,   4.19015769e-05]), 0.00014709698191994747, 0.00053997822567444234]
[58, array([  2.11800523e-05,   4.32170700e-05]), 0.00013618837804374451, 0.00049638728733585329]
[59, array([ -5.64370742e-06,   1.32116663e-05]), 4.0640413033532496e-05, 0.00034660062337446009]
[60, array([ -5.64370742e-06,   1.32116663e-05]), 4.0640413033532496e-05, 0.00033280017396597472]
[61, array([ -5.64370742e-06,   1.32116663e-05]), 4.0640413033532496e-05, 0.0002523543564888264]
[62, array([ -3.68156413e-06,   1.32116663e-05]), 3.8796970951882059e-05, 0.00022293038063603277]
[63, array([ -3.68156413e-06,   1.32116663e-05]), 3.8796970951882059e-05, 0.00018751621474750736]
[64, array([ -3.68156413e-06,   1.32116663e-05]), 3.8796970951882059e-05, 0.00018386484640684487]
[65, array([ -3.68156413e-06,   1.32116663e-05]), 3.8796970951882059e-05, 0.00017948062792454421]
[66, array([ -3.68156413e-06,   1.32116663e-05]), 3.8796970951882059e-05, 0.0001428357623018961]
[67, array([ -3.68156413e-06,   1.32116663e-05]), 3.8796970951882059e-05, 0.00012266831821685641]
[68, array([  1.22179671e-05,  -3.63918599e-06]), 3.6062324924035494e-05, 8.696576073008444e-05]
[69, array([  4.59885551e-06,  -7.94006782e-06]), 2.5955145301015392e-05, 7.5883234440521363e-05]
[70, array([ -6.07085807e-06,  -3.64555118e-06]), 2.0030386423730562e-05, 7.2584961063082437e-05]
[71, array([ -4.76318413e-06,   9.88605746e-07]), 1.3760067468115977e-05, 6.4248165924585268e-05]
[72, array([ -4.76318413e-06,   9.88605746e-07]), 1.3760067468115977e-05, 5.3586922150739014e-05]
[73, array([  3.11122697e-06,   3.34000225e-06]), 1.2911123598247087e-05, 4.5800686108332653e-05]
[74, array([  1.18050761e-07,  -1.88983506e-06]), 5.35577471838522e-06, 3.4456349522837827e-05]
---------------------#4: seed=322---------------------------
[1, array([-0.68746298, -1.04340733]), 4.6212897365478582, 9.7586505379478279]
[2, array([-0.74126948, -0.85789445]), 4.3498948949091947, 8.496163870004505]
[3, array([-0.74126948, -0.85789445]), 4.3498948949091947, 8.2824069173561945]
[4, array([ 0.11748279, -0.22354367]), 1.8475836616334651, 7.2226430074599737]
[5, array([ 0.11748279, -0.22354367]), 1.8475836616334651, 6.8156662408309199]
[6, array([ 0.11748279, -0.22354367]), 1.8475836616334651, 6.0349257147465369]
[7, array([ 0.11748279, -0.22354367]), 1.8475836616334651, 5.4357165685310695]
[8, array([ 0.11748279, -0.22354367]), 1.8475836616334651, 4.6750999481223383]
[9, array([ 0.06187681, -0.22418304]), 1.6434628677777678, 3.9962078477004277]
[10, array([ 0.06187681, -0.22418304]), 1.6434628677777678, 3.5827650248744023]
[11, array([-0.10520229, -0.11673861]), 1.0064816582024396, 2.7096039165418051]
[12, array([-0.09549102, -0.03024181]), 0.53094381368395149, 2.3385476755966694]
[13, array([-0.0364826 ,  0.06586973]), 0.35806866878844135, 2.0777477110481906]
[14, array([-0.0364826 ,  0.06586973]), 0.35806866878844135, 1.8706487965735583]
[15, array([ 0.06375633,  0.01925492]), 0.30252305871621887, 1.5749555022593447]
[16, array([-0.02477472,  0.05055391]), 0.24172982389455244, 1.0020109526806229]
[17, array([-0.01067926,  0.03671292]), 0.14663145032177782, 0.92752004226956153]
[18, array([ 0.02290425, -0.01350144]), 0.093931288140340019, 0.69338990723026339]
[19, array([ 0.02290425, -0.01350144]), 0.093931288140340019, 0.5571684756872608]
[20, array([ 0.02290425, -0.01350144]), 0.093931288140340019, 0.42499588464522609]
[21, array([-0.0004686 ,  0.01925492]), 0.064325427240025324, 0.31527509023766437]
[22, array([-0.00913094,  0.00069224]), 0.028131661405762731, 0.25364986243995569]
[23, array([-0.00913094,  0.00069224]), 0.028131661405762731, 0.2468614682229206]
[24, array([-0.00154133,  0.00069224]), 0.0048550488635048517, 0.18400896407914108]
[25, array([-0.00154133,  0.00069224]), 0.0048550488635048517, 0.16626833853574938]
[26, array([-0.00154133,  0.00069224]), 0.0048550488635048517, 0.12981248228905401]
[27, array([-0.00154133,  0.00069224]), 0.0048550488635048517, 0.118515922366183]
[28, array([-0.00154133,  0.00069224]), 0.0048550488635048517, 0.10588538836349697]
[29, array([-0.00154133,  0.00069224]), 0.0048550488635048517, 0.087497965204694689]
[30, array([-0.00154133,  0.00069224]), 0.0048550488635048517, 0.054491900952400044]
[31, array([-0.00154133,  0.00069224]), 0.0048550488635048517, 0.044418010639323754]
[32, array([-0.00154133,  0.00069224]), 0.0048550488635048517, 0.037043151809648213]
[33, array([ 0.00128145,  0.00069224]), 0.0041760058863755667, 0.032999906739207052]
[34, array([ 0.00128145,  0.00069224]), 0.0041760058863755667, 0.027483716718224204]
[35, array([ 0.00057846, -0.00085352]), 0.0029446129129806486, 0.019711237516071643]
[36, array([ 0.00057846, -0.00085352]), 0.0029446129129806486, 0.014137924651784761]
[37, array([-0.00041835, -0.00016668]), 0.0012791454379947886, 0.0095905747150914593]
[38, array([-0.00041835, -0.00016668]), 0.0012791454379947886, 0.0082821896228101547]
[39, array([-0.00041835, -0.00016668]), 0.0012791454379947886, 0.0073903757412543845]
[40, array([-0.00041835, -0.00016668]), 0.0012791454379947886, 0.0071506527107239922]
[41, array([-0.00041835, -0.00016668]), 0.0012791454379947886, 0.0058853494524599096]
[42, array([-0.00041835, -0.00016668]), 0.0012791454379947886, 0.0043947589734510293]
[43, array([-0.0001508 , -0.00018651]), 0.00067992901946256623, 0.0040161540735517143]
[44, array([-0.0001508 , -0.00018651]), 0.00067992901946256623, 0.0033151295228313949]
[45, array([-0.0001508 , -0.00018651]), 0.00067992901946256623, 0.0028702228475917303]
[46, array([-0.00010937,  0.00017838]), 0.00059299436148352314, 0.0026150758759725611]
[47, array([-0.00010937,  0.00017838]), 0.00059299436148352314, 0.0024614740874073782]
[48, array([ -5.04309267e-05,  -5.45567273e-05]), 0.00021028436202330525, 0.0020983059062460009]
[49, array([ -5.04309267e-05,  -5.45567273e-05]), 0.00021028436202330525, 0.0019292764363874504]
[50, array([  4.67041032e-06,  -5.45567273e-05]), 0.0001549539610228301, 0.0014482398396590489]
[51, array([  4.67041032e-06,  -5.45567273e-05]), 0.0001549539610228301, 0.0011317763526803581]
[52, array([  4.67041032e-06,  -5.45567273e-05]), 0.0001549539610228301, 0.00087902121690310866]
[53, array([ -7.35078974e-06,  -5.26500473e-05]), 0.00015043646098833463, 0.0006046359866938467]
[54, array([ -7.35078974e-06,  -5.26500473e-05]), 0.00015043646098833463, 0.00049631787555375344]
[55, array([ -7.35078974e-06,  -5.26500473e-05]), 0.00015043646098833463, 0.00040312239751179036]
[56, array([ -2.03961373e-05,  -1.04119574e-05]), 6.4785024080027398e-05, 0.00028709174157492967]
[57, array([ -1.55469509e-05,   6.46261549e-06]), 4.7628811046696029e-05, 0.000267590256752559]
[58, array([ -1.55469509e-05,   6.46261549e-06]), 4.7628811046696029e-05, 0.00023400813046725588]
[59, array([  3.04458063e-06,  -1.57100988e-06]), 9.6905316380180295e-06, 0.00016251604621571049]
---------------------#5: seed=988---------------------------
[1, array([ 1.01131412,  0.83945406]), 3.9612755520832796, 9.799512329445724]
[2, array([ 1.01131412,  0.83945406]), 3.9612755520832796, 8.3369242186094894]
[3, array([ 1.01131412,  0.83945406]), 3.9612755520832796, 7.3390909140708143]
[4, array([ 0.14434468, -0.3214622 ]), 2.5952289456220119, 6.0009353655451063]
[5, array([ 0.07415686,  0.28307555]), 2.1191415136494709, 5.463856875198684]
[6, array([ 0.07415686,  0.28307555]), 2.1191415136494709, 4.8117418230973783]
[7, array([ 0.07415686,  0.28307555]), 2.1191415136494709, 4.7113858736078615]
[8, array([ 0.07415686,  0.28307555]), 2.1191415136494709, 4.6925570754857944]
[9, array([ 0.04095528,  0.03861968]), 0.24185471963452487, 3.7858839322253091]
[10, array([ 0.04095528,  0.03861968]), 0.24185471963452487, 2.9198184506566371]
[11, array([-0.03549066,  0.00784441]), 0.13761690572535956, 2.5414236232527729]
[12, array([-0.03549066,  0.00784441]), 0.13761690572535956, 2.2470245468573751]
[13, array([-0.03549066,  0.00784441]), 0.13761690572535956, 1.9574048668849564]
[14, array([-0.03549066,  0.00784441]), 0.13761690572535956, 1.7210474975797709]
[15, array([-0.03549066,  0.00784441]), 0.13761690572535956, 1.5334890610253615]
[16, array([-0.03549066,  0.00784441]), 0.13761690572535956, 1.2338198058779768]
[17, array([-0.02060775,  0.01534992]), 0.090184680368168291, 1.0951642996535038]
[18, array([-0.00691421,  0.00239216]), 0.022118516498761398, 0.78765713547193505]
[19, array([-0.00691421,  0.00239216]), 0.022118516498761398, 0.61403230596297931]
[20, array([-0.00691421,  0.00239216]), 0.022118516498761398, 0.56289694700714832]
[21, array([-0.00691421,  0.00239216]), 0.022118516498761398, 0.38682639440154071]
[22, array([-0.00691421,  0.00239216]), 0.022118516498761398, 0.27055823890672037]
[23, array([-0.00691421,  0.00239216]), 0.022118516498761398, 0.19456046402628013]
[24, array([-0.00691421,  0.00239216]), 0.022118516498761398, 0.16583127079868082]
[25, array([-0.00691421,  0.00239216]), 0.022118516498761398, 0.12885435611450591]
[26, array([-0.00691421,  0.00239216]), 0.022118516498761398, 0.11531815666583993]
[27, array([-0.00153623, -0.00172625]), 0.0066782085937018287, 0.090343057936979054]
[28, array([-0.00153623, -0.00172625]), 0.0066782085937018287, 0.082671579265187575]
[29, array([-0.00153623, -0.00172625]), 0.0066782085937018287, 0.065510188234821159]
[30, array([-0.00153623, -0.00172625]), 0.0066782085937018287, 0.059648209014080231]
[31, array([ 0.00206988,  0.00022592]), 0.0060047201008441853, 0.049143987725731274]
[32, array([ 0.00206988,  0.00022592]), 0.0060047201008441853, 0.037177128614749311]
[33, array([ 0.00206988,  0.00022592]), 0.0060047201008441853, 0.0306911052569931]
[34, array([ 0.00206988,  0.00022592]), 0.0060047201008441853, 0.028568862904925663]
[35, array([ 0.00130713,  0.00022722]), 0.0037994481070744435, 0.026097801165919688]
[36, array([ -4.41635594e-05,   1.00329410e-03]), 0.0028673479673639868, 0.022245290845196396]
[37, array([ -4.41635594e-05,   1.00329410e-03]), 0.0028673479673639868, 0.018665503414053663]
[38, array([ -4.41635594e-05,   1.00329410e-03]), 0.0028673479673639868, 0.014862084662069197]
[39, array([ -4.41635594e-05,   1.00329410e-03]), 0.0028673479673639868, 0.010298198877525255]
[40, array([ -4.41635594e-05,   1.00329410e-03]), 0.0028673479673639868, 0.0081297150620669896]
[41, array([ -4.41635594e-05,   1.00329410e-03]), 0.0028673479673639868, 0.0058986188947430128]
[42, array([ 0.00052567, -0.00044658]), 0.0019636003342786701, 0.0055074143541085085]
[43, array([ -4.41635594e-05,  -6.61860264e-05]), 0.00022521986881729461, 0.0048939861432990561]
[44, array([ -4.41635594e-05,  -6.61860264e-05]), 0.00022521986881729461, 0.0040938306892619458]
[45, array([ -4.41635594e-05,  -6.61860264e-05]), 0.00022521986881729461, 0.0034283682786049319]
[46, array([ -4.41635594e-05,  -6.61860264e-05]), 0.00022521986881729461, 0.0025663769286594197]
[47, array([ -4.41635594e-05,  -6.61860264e-05]), 0.00022521986881729461, 0.0020959612842752938]
[48, array([ -4.41635594e-05,  -6.61860264e-05]), 0.00022521986881729461, 0.0018508507412495767]
[49, array([ -4.41635594e-05,  -6.61860264e-05]), 0.00022521986881729461, 0.0016218435615759752]
[50, array([ -4.38084758e-05,   4.54531715e-05]), 0.00017865971517538881, 0.0015640527356750589]
[51, array([ -4.38084758e-05,   4.54531715e-05]), 0.00017865971517538881, 0.0014105357486653425]
[52, array([ -4.38084758e-05,   4.54531715e-05]), 0.00017865971517538881, 0.00093678749953989286]
[53, array([ -4.38084758e-05,   4.54531715e-05]), 0.00017865971517538881, 0.0008185900083778286]
[54, array([  2.39503415e-05,  -2.61194108e-05]), 0.00010026686775121973, 0.00078345485910906736]
[55, array([  2.39503415e-05,  -2.61194108e-05]), 0.00010026686775121973, 0.00066555999247297493]
[56, array([  2.39503415e-05,  -2.61194108e-05]), 0.00010026686775121973, 0.00055974474296780483]
[57, array([  2.39503415e-05,  -2.61194108e-05]), 0.00010026686775121973, 0.00054196512806177206]
[58, array([ -1.32854961e-05,  -9.29269153e-06]), 4.5864040086218694e-05, 0.00039073793443327175]
[59, array([ -1.32854961e-05,  -9.29269153e-06]), 4.5864040086218694e-05, 0.00028792418876610881]
[60, array([ -1.32854961e-05,  -9.29269153e-06]), 4.5864040086218694e-05, 0.00025925071622436848]
[61, array([ -1.32854961e-05,  -9.29269153e-06]), 4.5864040086218694e-05, 0.000205838090618915]
[62, array([ -3.76567045e-06,  -9.29269153e-06]), 2.8362421755634415e-05, 0.00018591490268997645]
[63, array([ -3.76567045e-06,  -9.29269153e-06]), 2.8362421755634415e-05, 0.00014549099652283459]
[64, array([  4.39954404e-06,   7.36311723e-06]), 2.4262459188850727e-05, 0.00011904637274637864]
[65, array([  4.39954404e-06,   7.36311723e-06]), 2.4262459188850727e-05, 0.00010894115705903929]
[66, array([  1.95811376e-06,   9.12366724e-07]), 6.1101963031440221e-06, 8.1421829961403347e-05]
---------------------#6: seed=98---------------------------
[1, array([-0.02125722,  0.98954982]), 2.6274060711627105, 8.6993563655164632]
[2, array([-0.02125722,  0.98954982]), 2.6274060711627105, 8.5433038690361567]
[3, array([-0.02125722,  0.98954982]), 2.6274060711627105, 7.9612734882101694]
[4, array([-0.02125722,  0.98954982]), 2.6274060711627105, 6.8856564549707713]
[5, array([-0.02125722,  0.98954982]), 2.6274060711627105, 6.3683757328724111]
[6, array([ 0.11167723,  0.02634423]), 0.64122612147621938, 5.7359498454411968]
[7, array([ 0.11167723,  0.02634423]), 0.64122612147621938, 5.5075647245169161]
[8, array([ 0.11167723,  0.02634423]), 0.64122612147621938, 5.1881735695617852]
[9, array([ 0.11167723,  0.02634423]), 0.64122612147621938, 4.9256864013325936]
[10, array([ 0.11167723,  0.02634423]), 0.64122612147621938, 4.1355740804036962]
[11, array([ 0.11167723,  0.02634423]), 0.64122612147621938, 3.7409604263931326]
[12, array([ 0.11167723,  0.02634423]), 0.64122612147621938, 3.5414131337261772]
[13, array([ 0.11167723,  0.02634423]), 0.64122612147621938, 3.3703793050362458]
[14, array([ 0.11167723,  0.02634423]), 0.64122612147621938, 3.242047549333742]
[15, array([ 0.05877501,  0.04702768]), 0.35821759715375778, 3.033920631863861]
[16, array([ 0.05877501,  0.04702768]), 0.35821759715375778, 2.8796127012207164]
[17, array([ 0.05282047,  0.04702768]), 0.32890039731723464, 2.6551618996720898]
[18, array([ 0.05282047,  0.04702768]), 0.32890039731723464, 2.2883802006731733]
[19, array([ 0.05282047,  0.04702768]), 0.32890039731723464, 2.2342645345937688]
[20, array([ 0.05282047,  0.04702768]), 0.32890039731723464, 1.93092063551514]
[21, array([ 0.04893326, -0.05038727]), 0.32584113151626726, 1.5352824447289541]
[22, array([ 0.04893326, -0.05038727]), 0.32584113151626726, 1.2818017520288321]
[23, array([-0.02471905,  0.03467545]), 0.1681452718433154, 1.0164697629036521]
[24, array([-0.02471905,  0.03467545]), 0.1681452718433154, 0.92731451509494001]
[25, array([ 0.00284708, -0.00873964]), 0.028246313213266649, 0.68004617809212975]
[26, array([ 0.00284708, -0.00873964]), 0.028246313213266649, 0.57169314401303739]
[27, array([ 0.00284708, -0.00873964]), 0.028246313213266649, 0.39591484596704485]
[28, array([ 0.00284708, -0.00873964]), 0.028246313213266649, 0.3079438168303999]
[29, array([ 0.00284708, -0.00873964]), 0.028246313213266649, 0.17565724955366119]
[30, array([ 0.00284708, -0.00873964]), 0.028246313213266649, 0.13924864995120681]
[31, array([ 0.00858857,  0.00034375]), 0.02627775205808236, 0.096117573418522631]
[32, array([-0.00593324, -0.00202946]), 0.018783055786120162, 0.071223691116821447]
[33, array([ 0.00356335, -0.00305236]), 0.013856958293982036, 0.059917053282668588]
[34, array([ 0.00356335, -0.00305236]), 0.013856958293982036, 0.045012661076139174]
[35, array([ 0.00286357, -0.00305236]), 0.012304278864590845, 0.038384785626169295]
[36, array([-0.00222648,  0.00110559]), 0.007195635606358497, 0.027894961913960882]
[37, array([-0.00162171, -0.00054959]), 0.0049212125765305537, 0.020911829549816206]
[38, array([-0.00162171, -0.00054959]), 0.0049212125765305537, 0.016314389741310099]
[39, array([ 0.0008791 ,  0.00096134]), 0.0037297430559601885, 0.012199366446829795]
[40, array([ 0.0008791 ,  0.00096134]), 0.0037297430559601885, 0.011159215289515157]
[41, array([ 0.0008791 ,  0.00096134]), 0.0037297430559601885, 0.0092788224729923215]
[42, array([-0.0012767 ,  0.00018443]), 0.0036928381545497935, 0.00758732523558967]
[43, array([ 0.00062385, -0.00046558]), 0.0022178649311155318, 0.0063878572232415999]
[44, array([ -2.00636101e-04,  -1.16901142e-05]), 0.00056952259456410914, 0.0052285311520562597]
[45, array([ -2.00636101e-04,  -1.16901142e-05]), 0.00056952259456410914, 0.004664646369127912]
[46, array([ -2.00636101e-04,  -1.16901142e-05]), 0.00056952259456410914, 0.0043024361614491195]
[47, array([ -1.17351574e-04,   2.17295923e-05]), 0.00033794192352276653, 0.0030641571754567386]
[48, array([  8.10438104e-05,   2.17295923e-05]), 0.00023751044739883653, 0.0029518301566121784]
[49, array([  8.10438104e-05,   2.17295923e-05]), 0.00023751044739883653, 0.0023564261391558539]
[50, array([  8.10438104e-05,   2.17295923e-05]), 0.00023751044739883653, 0.0018350564316997442]
[51, array([  8.10438104e-05,   2.17295923e-05]), 0.00023751044739883653, 0.0014850134112159631]
[52, array([  8.10438104e-05,   2.17295923e-05]), 0.00023751044739883653, 0.0012323223619570278]
[53, array([ -4.10534900e-06,  -7.44757361e-05]), 0.00021111713306298796, 0.0010294221200054742]
[54, array([ -4.10534900e-06,  -7.44757361e-05]), 0.00021111713306298796, 0.00087808102729463049]
[55, array([ -4.10534900e-06,  -7.44757361e-05]), 0.00021111713306298796, 0.00078891565858123518]
[56, array([ -4.10534900e-06,  -7.44757361e-05]), 0.00021111713306298796, 0.00059685802859616994]
[57, array([  1.11485936e-05,   1.53778736e-06]), 3.1834920350082285e-05, 0.00050074905921411168]
[58, array([  1.11485936e-05,   1.53778736e-06]), 3.1834920350082285e-05, 0.00041519297594048152]
[59, array([  1.11485936e-05,   1.53778736e-06]), 3.1834920350082285e-05, 0.00034245472957001867]
[60, array([ -3.17827713e-06,   1.53778736e-06]), 9.9868170129191469e-06, 0.00031837406623038691]
---------------------#7: seed=742---------------------------
[1, array([-0.55013633, -0.54907825]), 4.414151439571917, 8.8840643388877574]
[2, array([-0.54333968,  0.13696544]), 3.3860636162179607, 8.0118551985394983]
[3, array([-0.10620672,  0.13696544]), 1.1506922572156495, 6.959624054417711]
[4, array([-0.10620672,  0.13696544]), 1.1506922572156495, 6.1002827699343998]
[5, array([-0.10620672,  0.13696544]), 1.1506922572156495, 5.4336974939792331]
[6, array([-0.10620672,  0.13696544]), 1.1506922572156495, 5.0193867006509558]
[7, array([-0.10620672,  0.13696544]), 1.1506922572156495, 4.6079064976479218]
[8, array([-0.10620672,  0.13696544]), 1.1506922572156495, 4.1619923177828841]
[9, array([-0.10620672,  0.13696544]), 1.1506922572156495, 3.9531404362613785]
[10, array([-0.10620672,  0.13696544]), 1.1506922572156495, 3.8415498176667695]
[11, array([ 0.0632505 ,  0.03474353]), 0.33780258116559425, 3.5023158030187758]
[12, array([ 0.0632505 ,  0.03474353]), 0.33780258116559425, 3.1481815240085647]
[13, array([ 0.0632505 ,  0.03474353]), 0.33780258116559425, 2.6494967455383529]
[14, array([ 0.0632505 ,  0.03474353]), 0.33780258116559425, 2.1839797382431039]
[15, array([ 0.0632505 ,  0.03474353]), 0.33780258116559425, 1.9051533375849261]
[16, array([ 0.0632505 ,  0.03474353]), 0.33780258116559425, 1.6921533760821046]
[17, array([ 0.0632505 ,  0.03474353]), 0.33780258116559425, 1.2978144697632739]
[18, array([ 0.0632505 ,  0.03474353]), 0.33780258116559425, 1.0153720539373028]
[19, array([ 0.05131519,  0.01326287]), 0.22308414537887744, 0.81314595534970024]
[20, array([ 0.05131519,  0.01326287]), 0.22308414537887744, 0.75235683272202059]
[21, array([ 0.05131519,  0.01326287]), 0.22308414537887744, 0.6259340637197901]
[22, array([-0.01091805, -0.013883  ]), 0.058244439533457371, 0.5822619233573183]
[23, array([ 0.01094659,  0.00822797]), 0.043719888894664383, 0.46036422846351055]
[24, array([-0.01091805,  0.00026399]), 0.034062853538476379, 0.34637175015096294]
[25, array([-0.01091805,  0.00026399]), 0.034062853538476379, 0.32028843962561149]
[26, array([-0.00788478,  0.00131471]), 0.024310031633455242, 0.25551997272660476]
[27, array([ 0.00155262, -0.00177948]), 0.0068281513074421873, 0.18498830771929073]
[28, array([ 0.00155262, -0.00177948]), 0.0068281513074421873, 0.15912572297596367]
[29, array([ 0.00155262, -0.00177948]), 0.0068281513074421873, 0.09639994833839341]
[30, array([ 0.00155262, -0.00177948]), 0.0068281513074421873, 0.087658844709436773]
[31, array([ 0.00155262, -0.00177948]), 0.0068281513074421873, 0.057655010829826644]
[32, array([ 0.00095918,  0.00131471]), 0.0046735649556066683, 0.045750321054406753]
[33, array([ 0.00095918,  0.00131471]), 0.0046735649556066683, 0.035250376381378866]
[34, array([ 0.00095918,  0.00131471]), 0.0046735649556066683, 0.021084121372039723]
[35, array([ 0.00095918,  0.00131471]), 0.0046735649556066683, 0.018595122280766586]
[36, array([ 0.0006369 ,  0.00026741]), 0.0019664801448731062, 0.0090024429303485753]
[37, array([ 0.0006369 ,  0.00026741]), 0.0019664801448731062, 0.0073009154954569947]
[38, array([-0.00048115,  0.00037641]), 0.0017377895529624432, 0.004823603835842594]
[39, array([-0.00048115,  0.00037641]), 0.0017377895529624432, 0.0043486841164241067]
[40, array([ 0.00018794,  0.00010385]), 0.00060856961610911142, 0.0033654577149499153]
[41, array([ 0.00018794,  0.00010385]), 0.00060856961610911142, 0.002965056125009813]
[42, array([ 0.00018794,  0.00010385]), 0.00060856961610911142, 0.002742264624004509]
[43, array([ 0.00018794,  0.00010385]), 0.00060856961610911142, 0.0022730340066851261]
[44, array([ 0.00018794,  0.00010385]), 0.00060856961610911142, 0.0022491146525330128]
[45, array([ 0.00018794,  0.00010385]), 0.00060856961610911142, 0.0017663718155540131]
[46, array([ 0.00015677,  0.00010385]), 0.00053280826867707631, 0.0015380375860240213]
[47, array([  1.04496606e-04,  -1.64431116e-05]), 0.00029949578358712259, 0.0013795142171178832]
[48, array([  1.04496606e-04,  -1.64431116e-05]), 0.00029949578358712259, 0.0012210778160986814]
[49, array([ -7.65969338e-05,   8.42234791e-06]), 0.00021811272459659747, 0.0010070299809640027]
[50, array([ -7.65969338e-05,   8.42234791e-06]), 0.00021811272459659747, 0.00083054465565970406]
[51, array([ -7.65969338e-05,   8.42234791e-06]), 0.00021811272459659747, 0.00076204173424203607]
[52, array([ -7.65969338e-05,   8.42234791e-06]), 0.00021811272459659747, 0.00068854132900630916]
[53, array([ -7.65969338e-05,   8.42234791e-06]), 0.00021811272459659747, 0.00062956479320126486]
[54, array([ -9.75672805e-06,   8.42234791e-06]), 3.6460390259396291e-05, 0.00054205759658136903]
[55, array([ -9.75672805e-06,   8.42234791e-06]), 3.6460390259396291e-05, 0.00048586585921635007]
[56, array([ -9.75672805e-06,   8.42234791e-06]), 3.6460390259396291e-05, 0.00034712395654912243]
[57, array([ -9.75672805e-06,   8.42234791e-06]), 3.6460390259396291e-05, 0.0003003984796190018]
[58, array([ -9.75672805e-06,   8.42234791e-06]), 3.6460390259396291e-05, 0.00026722314318137206]
[59, array([ -4.48421029e-06,  -6.84277266e-06]), 2.3141649116542595e-05, 0.00022104093686357019]
[60, array([ -4.48421029e-06,  -6.84277266e-06]), 2.3141649116542595e-05, 0.00017002788445497075]
[61, array([ -4.48421029e-06,  -6.84277266e-06]), 2.3141649116542595e-05, 0.00014738893696319977]
[62, array([ -4.48421029e-06,  -6.84277266e-06]), 2.3141649116542595e-05, 0.00011408250295650291]
[63, array([ -4.48421029e-06,  -6.84277266e-06]), 2.3141649116542595e-05, 8.8911734917207497e-05]
[64, array([ -4.48421029e-06,  -6.84277266e-06]), 2.3141649116542595e-05, 8.2261150595908103e-05]
[65, array([  3.09040352e-06,   3.80848556e-06]), 1.3872960093141984e-05, 7.0883152060563501e-05]
[66, array([  3.09040352e-06,   3.80848556e-06]), 1.3872960093141984e-05, 5.2624169752757413e-05]
[67, array([  1.55814204e-06,  -8.90726437e-07]), 5.0764625894039739e-06, 4.3521888802633413e-05]
---------------------#8: seed=17---------------------------
[1, array([ 0.31113965,  0.10590708]), 2.3979508323036822, 8.4859904553862417]
[2, array([ 0.31113965,  0.10590708]), 2.3979508323036822, 7.9622942277251756]
[3, array([ 0.31113965,  0.10590708]), 2.3979508323036822, 7.533383631891029]
[4, array([ 0.31113965,  0.10590708]), 2.3979508323036822, 6.6530049663388837]
[5, array([ 0.31113965,  0.10590708]), 2.3979508323036822, 6.4191905653391457]
[6, array([ 0.31113965,  0.10590708]), 2.3979508323036822, 6.0874967903956598]
[7, array([ 0.31113965,  0.10590708]), 2.3979508323036822, 5.2819518470643647]
[8, array([-0.10629846, -0.18284163]), 1.4903410082247253, 4.8225339277264689]
[9, array([-0.10629846, -0.18284163]), 1.4903410082247253, 4.6786415697265316]
[10, array([-0.10629846, -0.18284163]), 1.4903410082247253, 4.2988494010745324]
[11, array([-0.10629846, -0.18284163]), 1.4903410082247253, 3.9286650418767253]
[12, array([-0.10629846, -0.18284163]), 1.4903410082247253, 3.7306196568500978]
[13, array([-0.10629846, -0.18284163]), 1.4903410082247253, 3.6418088616697046]
[14, array([-0.10629846, -0.18284163]), 1.4903410082247253, 3.2766638169966269]
[15, array([-0.13329287, -0.04673702]), 0.85859290158753554, 2.9292442818362154]
[16, array([-0.13329287, -0.04673702]), 0.85859290158753554, 2.8887346191476446]
[17, array([-0.11958693, -0.05158811]), 0.76845797847465791, 2.5871344178375879]
[18, array([-0.11958693, -0.05158811]), 0.76845797847465791, 2.2288952271952942]
[19, array([ 0.09126091, -0.01788293]), 0.47813199474731904, 1.8690518356269479]
[20, array([ 0.09126091, -0.01788293]), 0.47813199474731904, 1.6127862469823071]
[21, array([-0.05643526,  0.03043076]), 0.28768434708876756, 1.3886747925816469]
[22, array([-0.0017305 , -0.05281978]), 0.22216019835198297, 1.0896640570936873]
[23, array([ 0.0074616 , -0.00591177]), 0.029337463728840607, 0.73192611386425477]
[24, array([ 0.0074616 , -0.00591177]), 0.029337463728840607, 0.69922649446944596]
[25, array([ 0.0074616 , -0.00591177]), 0.029337463728840607, 0.43633064860014004]
[26, array([ 0.0074616 , -0.00591177]), 0.029337463728840607, 0.34341803741948124]
[27, array([ 0.0074616 , -0.00591177]), 0.029337463728840607, 0.33299210019236503]
[28, array([ 0.00537022, -0.00591177]), 0.024287824119767709, 0.26885134146830925]
[29, array([ 0.00537022, -0.00591177]), 0.024287824119767709, 0.17242170070404256]
[30, array([ 0.00537022, -0.00591177]), 0.024287824119767709, 0.12279602367354511]
[31, array([ 0.00203023,  0.0039492 ]), 0.013084611897081988, 0.093374593334163786]
[32, array([-0.00022963,  0.00219188]), 0.0063628247836864382, 0.075798133129606787]
[33, array([-0.00022963,  0.00219188]), 0.0063628247836864382, 0.057756472755245716]
[34, array([-0.00022963,  0.00219188]), 0.0063628247836864382, 0.053745726614449915]
[35, array([-0.00022963,  0.00219188]), 0.0063628247836864382, 0.029726632973984389]
[36, array([-0.00022963,  0.00219188]), 0.0063628247836864382, 0.023272705030121354]
[37, array([-0.00153654, -0.00127421]), 0.0057520246806856967, 0.020031321126344627]
[38, array([ -2.29633723e-04,   3.95866135e-05]), 0.00066052856098908208, 0.01560324459241107]
[39, array([ -2.29633723e-04,   3.95866135e-05]), 0.00066052856098908208, 0.011870169755915594]
[40, array([ -2.29633723e-04,   3.95866135e-05]), 0.00066052856098908208, 0.0094007074134426997]
[41, array([ -2.29633723e-04,   3.95866135e-05]), 0.00066052856098908208, 0.0076667796274773716]
[42, array([ -2.29633723e-04,   3.95866135e-05]), 0.00066052856098908208, 0.0055221348121240691]
[43, array([ -2.29633723e-04,   3.95866135e-05]), 0.00066052856098908208, 0.0050683902139652126]
[44, array([ -2.29633723e-04,   3.95866135e-05]), 0.00066052856098908208, 0.0041436952478714597]
[45, array([ -2.29633723e-04,   3.95866135e-05]), 0.00066052856098908208, 0.0034557003087720695]
[46, array([ -7.75696591e-05,  -1.67031851e-04]), 0.00052179999682921974, 0.0027222549591210841]
[47, array([ -7.75696591e-05,  -1.67031851e-04]), 0.00052179999682921974, 0.0023227121473886393]
[48, array([  1.61806483e-05,   1.60301319e-04]), 0.00045639574855416143, 0.001840833183066426]
[49, array([  1.61806483e-05,   1.60301319e-04]), 0.00045639574855416143, 0.0017497231888415677]
[50, array([  1.61806483e-05,   1.60301319e-04]), 0.00045639574855416143, 0.0011579005143864229]
[51, array([ -1.28430494e-04,   8.06388216e-05]), 0.00042953671443202168, 0.00094120855930315275]
[52, array([ -7.88981553e-05,  -5.47148961e-05]), 0.00027181335111636784, 0.00076990576733360072]
[53, array([  4.46658469e-05,  -4.48182200e-05]), 0.00017907500554104061, 0.00065555243770871736]
[54, array([ -3.63351235e-05,  -3.70292512e-05]), 0.00014680698423719107, 0.00059588933678371707]
[55, array([ -3.63351235e-05,  -3.70292512e-05]), 0.00014680698423719107, 0.0004796292467308838]
[56, array([ -3.63351235e-05,  -3.70292512e-05]), 0.00014680698423719107, 0.00038563941166165351]
[57, array([  1.61806483e-05,  -2.00606082e-06]), 4.6123250300400542e-05, 0.00033159267823714702]
[58, array([  1.61806483e-05,  -2.00606082e-06]), 4.6123250300400542e-05, 0.00030927485307037373]
[59, array([  1.61806483e-05,  -2.00606082e-06]), 4.6123250300400542e-05, 0.00025869723813665146]
[60, array([ -1.48625138e-05,   5.95650973e-06]), 4.5294734594580888e-05, 0.0002186272218032137]
[61, array([ -1.48625138e-05,   5.95650973e-06]), 4.5294734594580888e-05, 0.00019337514078854312]
[62, array([ -1.31934834e-05,  -1.20533107e-06]), 3.7476885197396115e-05, 0.00016153992027030385]
[63, array([  2.75310840e-06,  -9.96600764e-06]), 2.9246774407187814e-05, 0.00012811213283923096]
[64, array([ -1.12916654e-06,  -1.56769728e-06]), 5.464670263410909e-06, 0.0001004326137533873]
---------------------#9: seed=595---------------------------
[1, array([ 0.86943379,  0.02051695]), 2.7238185268747057, 7.5703106487827556]
[2, array([ 0.86943379,  0.02051695]), 2.7238185268747057, 6.7165139207329521]
[3, array([ 0.86943379,  0.02051695]), 2.7238185268747057, 5.6481434066500267]
[4, array([-0.2519034 ,  0.00251387]), 1.7794749290102883, 5.1089843944066065]
[5, array([-0.2519034 ,  0.00251387]), 1.7794749290102883, 4.3804702131833855]
[6, array([-0.2519034 ,  0.00251387]), 1.7794749290102883, 3.8576851993370731]
[7, array([ 0.21973873,  0.00251387]), 1.5182726710894312, 3.712450506578532]
[8, array([ 0.00664697,  0.01701014]), 0.060513865117265642, 3.2732992161522354]
[9, array([ 0.00664697,  0.01701014]), 0.060513865117265642, 3.0584016645655092]
[10, array([ 0.00664697,  0.01701014]), 0.060513865117265642, 2.1895214459228902]
[11, array([ 0.00664697,  0.01701014]), 0.060513865117265642, 1.9072341628408318]
[12, array([ 0.00664697,  0.01701014]), 0.060513865117265642, 1.3895773856147917]
[13, array([ 0.00664697,  0.01701014]), 0.060513865117265642, 1.2432535209156121]
[14, array([ 0.00664697,  0.01701014]), 0.060513865117265642, 1.1737880421890998]
[15, array([ 0.00225001,  0.01701014]), 0.056351806801107518, 0.83089835969072734]
[16, array([ 0.00225001,  0.01701014]), 0.056351806801107518, 0.71156128211930159]
[17, array([ 0.00225001,  0.01701014]), 0.056351806801107518, 0.59121616970255286]
[18, array([ 0.00225001,  0.01701014]), 0.056351806801107518, 0.39753512167908872]
[19, array([-0.00329598,  0.00573341]), 0.019869422855763208, 0.33277917187962647]
[20, array([-0.00329598,  0.00573341]), 0.019869422855763208, 0.30294367015614343]
[21, array([-0.00329598,  0.00573341]), 0.019869422855763208, 0.24159189004426543]
[22, array([-0.00329598,  0.00573341]), 0.019869422855763208, 0.18049558171971727]
[23, array([-0.00329598,  0.00573341]), 0.019869422855763208, 0.14322035664110713]
[24, array([-0.00260548,  0.00371912]), 0.013392799919558218, 0.13330544488859591]
[25, array([-0.0019984, -0.001143 ]), 0.0066526919009501917, 0.081378413737815777]
[26, array([ 0.00058588, -0.00198061]), 0.0059555690865953359, 0.062265350623869065]
[27, array([ 0.00058588, -0.00198061]), 0.0059555690865953359, 0.051913809269811484]
[28, array([ 0.00058588, -0.00198061]), 0.0059555690865953359, 0.040305382763184294]
[29, array([ 0.00058588, -0.00198061]), 0.0059555690865953359, 0.035956047102882936]
[30, array([ 0.00058588, -0.00198061]), 0.0059555690865953359, 0.033938844332853525]
[31, array([ 0.00058588, -0.00198061]), 0.0059555690865953359, 0.028915374993468836]
[32, array([ 0.00058588, -0.00198061]), 0.0059555690865953359, 0.027014245538239036]
[33, array([ -4.58576609e-05,   1.14878578e-03]), 0.0032870419477615265, 0.020258298370577511]
[34, array([ 0.00058588, -0.00022686]), 0.0017875246066023642, 0.01707438615112471]
[35, array([ 0.00058588, -0.00022686]), 0.0017875246066023642, 0.0141612423056249]
[36, array([ -3.36163338e-04,   8.50239424e-05]), 0.0009839558973010476, 0.012207358797535317]
[37, array([ -3.36163338e-04,   8.50239424e-05]), 0.0009839558973010476, 0.009408989881776986]
[38, array([ -3.36163338e-04,   8.50239424e-05]), 0.0009839558973010476, 0.0076830184020574956]
[39, array([ -3.36163338e-04,   8.50239424e-05]), 0.0009839558973010476, 0.006214544463912031]
[40, array([-0.00025831,  0.00017631]), 0.00088719070112164289, 0.0059000291818953167]
[41, array([-0.00025831,  0.00017631]), 0.00088719070112164289, 0.0051876365647511415]
[42, array([-0.00025831,  0.00017631]), 0.00088719070112164289, 0.0047266349710645807]
[43, array([ -1.03892892e-04,   8.28295577e-06]), 0.00029507514078419561, 0.0030192422452501866]
[44, array([ -1.03892892e-04,   8.28295577e-06]), 0.00029507514078419561, 0.0028369284400535655]
[45, array([ -1.03892892e-04,   8.28295577e-06]), 0.00029507514078419561, 0.0022078720428146958]
[46, array([ -1.03892892e-04,   8.28295577e-06]), 0.00029507514078419561, 0.0019805595219408723]
[47, array([ -1.03892892e-04,   8.28295577e-06]), 0.00029507514078419561, 0.0014589609530593073]
[48, array([ -1.03892892e-04,   8.28295577e-06]), 0.00029507514078419561, 0.0013601733399480232]
[49, array([ -1.03892892e-04,   8.28295577e-06]), 0.00029507514078419561, 0.001311484112150918]
[50, array([ -3.03533825e-06,  -2.00248272e-06]), 1.028557075999359e-05, 0.0011067595174714562]
[51, array([ -3.03533825e-06,  -2.00248272e-06]), 1.028557075999359e-05, 0.00065716528937906913]
[52, array([ -3.03533825e-06,  -2.00248272e-06]), 1.028557075999359e-05, 0.00058895961625671234]
[53, array([ -3.03533825e-06,  -2.00248272e-06]), 1.028557075999359e-05, 0.00052794164669540673]
[54, array([ -3.03533825e-06,  -2.00248272e-06]), 1.028557075999359e-05, 0.00049793675973832665]
[55, array([ -3.03533825e-06,  -2.00248272e-06]), 1.028557075999359e-05, 0.00045760602023063867]
[56, array([ -3.03533825e-06,  -2.00248272e-06]), 1.028557075999359e-05, 0.00039044462398818425]
[57, array([ -3.03533825e-06,  -2.00248272e-06]), 1.028557075999359e-05, 0.00033014806064928236]
[58, array([ -3.03533825e-06,  -2.00248272e-06]), 1.028557075999359e-05, 0.00031656839842240101]
[59, array([ -3.03533825e-06,  -2.00248272e-06]), 1.028557075999359e-05, 0.00027788491867797305]
[60, array([ -3.03533825e-06,  -2.00248272e-06]), 1.028557075999359e-05, 0.00019312504038007105]
[61, array([ -3.03533825e-06,  -2.00248272e-06]), 1.028557075999359e-05, 0.00018732055636911938]
[62, array([ -3.03533825e-06,  -2.00248272e-06]), 1.028557075999359e-05, 0.00017441252716130507]
[63, array([ -3.03533825e-06,  -2.00248272e-06]), 1.028557075999359e-05, 0.00016792302421579918]
[64, array([ -3.03533825e-06,  -2.00248272e-06]), 1.028557075999359e-05, 0.00016201372226367638]
[65, array([ -3.03533825e-06,  -2.00248272e-06]), 1.028557075999359e-05, 0.00013727774515901459]
[66, array([  9.90840185e-07,  -1.72163559e-06]), 5.6184987049512358e-06, 7.945461265448372e-05]
---------------------#10: seed=106---------------------------
[1, array([-1.08485525,  0.1346268 ]), 3.4402502698102322, 9.0423455576648912]
[2, array([-1.08485525,  0.1346268 ]), 3.4402502698102322, 8.0891645708949049]
[3, array([-1.08485525,  0.1346268 ]), 3.4402502698102322, 7.7855836155746942]
[4, array([-1.08485525,  0.1346268 ]), 3.4402502698102322, 7.4245267387592637]
[5, array([-0.33896893, -0.32347245]), 3.3866486763776575, 6.6954028500652116]
[6, array([-0.02081977,  0.64008921]), 3.2561687843296849, 6.2809845833143658]
[7, array([ 0.12823403,  0.47913765]), 3.2118986569621524, 5.8656756633027438]
[8, array([ 0.06482933, -0.16509937]), 1.1729242012455008, 4.6833558701340277]
[9, array([ 0.06482933, -0.16509937]), 1.1729242012455008, 4.331925076079985]
[10, array([ 0.06482933, -0.16509937]), 1.1729242012455008, 3.9680048245407682]
[11, array([ 0.06482933, -0.16509937]), 1.1729242012455008, 3.8377568119121412]
[12, array([-0.09943896, -0.07486901]), 0.72473256550126353, 3.6190244588758644]
[13, array([-0.09943896, -0.07486901]), 0.72473256550126353, 3.5639553812671494]
[14, array([-0.09943896, -0.07486901]), 0.72473256550126353, 3.109814093567159]
[15, array([ 0.06382115, -0.07486901]), 0.52014593543652454, 2.9672562568122993]
[16, array([ 0.06382115, -0.07486901]), 0.52014593543652454, 2.7319673969634053]
[17, array([ 0.02090971, -0.07486901]), 0.37342368414092109, 2.557389384640337]
[18, array([ 0.04514061, -0.00318449]), 0.18161540893442707, 2.4039034290275612]
[19, array([ 0.04514061, -0.00318449]), 0.18161540893442707, 1.9962377905724378]
[20, array([ 0.04514061, -0.00318449]), 0.18161540893442707, 1.690590865174683]
[21, array([ 0.04514061, -0.00318449]), 0.18161540893442707, 1.5747097707226139]
[22, array([-0.00670487, -0.00318449]), 0.022461066065681212, 1.1642282581443939]
[23, array([-0.00670487, -0.00318449]), 0.022461066065681212, 0.9944748612589821]
[24, array([-0.00670487, -0.00318449]), 0.022461066065681212, 0.74534659620142052]
[25, array([ 0.00313562, -0.00318449]), 0.013172382374684322, 0.55253250905682394]
[26, array([ 0.00313562, -0.00318449]), 0.013172382374684322, 0.41285349002143457]
[27, array([ 0.00313562, -0.00318449]), 0.013172382374684322, 0.33709427716153711]
[28, array([-0.00154944,  0.00095587]), 0.0052375881424713278, 0.2196924145465137]
[29, array([-0.00154944,  0.00095587]), 0.0052375881424713278, 0.14251704316621855]
[30, array([-0.00154944,  0.00095587]), 0.0052375881424713278, 0.11983165013735464]
[31, array([-0.00154944,  0.00095587]), 0.0052375881424713278, 0.09218965311889589]
[32, array([-0.00154944,  0.00095587]), 0.0052375881424713278, 0.076027817278005921]
[33, array([-0.00154944,  0.00095587]), 0.0052375881424713278, 0.059540214317688814]
[34, array([-0.00154944,  0.00095587]), 0.0052375881424713278, 0.053406684621415311]
[35, array([-0.00154944,  0.00095587]), 0.0052375881424713278, 0.046011012489185266]
[36, array([-0.00154944,  0.00095587]), 0.0052375881424713278, 0.040654020388777835]
[37, array([-0.00154944,  0.00095587]), 0.0052375881424713278, 0.03650254293320563]
[38, array([-0.00154944,  0.00095587]), 0.0052375881424713278, 0.033117278149280602]
[39, array([-0.00154944,  0.00095587]), 0.0052375881424713278, 0.025720405277021553]
[40, array([ 0.00049891,  0.00071293]), 0.0024813631634335032, 0.023012444788715936]
[41, array([ 0.00037003, -0.00019228]), 0.0011841134115937457, 0.018599531242903124]
[42, array([ 0.00037003, -0.00019228]), 0.0011841134115937457, 0.01339928454223065]
[43, array([ 0.00037003, -0.00019228]), 0.0011841134115937457, 0.01238794440777129]
[44, array([ 0.00037003, -0.00019228]), 0.0011841134115937457, 0.011947485039636075]
[45, array([ 0.00037003, -0.00019228]), 0.0011841134115937457, 0.0095175744239095472]
[46, array([-0.00016177, -0.00019228]), 0.00071240998778820952, 0.0085650774165787705]
[47, array([-0.00016177, -0.00019228]), 0.00071240998778820952, 0.0058729957142987562]
[48, array([-0.00016177, -0.00019228]), 0.00071240998778820952, 0.0040041609799970068]
[49, array([-0.00016177, -0.00019228]), 0.00071240998778820952, 0.0033110895784179027]
[50, array([-0.00016177, -0.00019228]), 0.00071240998778820952, 0.0029214677038138072]
[51, array([-0.00016177, -0.00019228]), 0.00071240998778820952, 0.002745179553142929]
[52, array([-0.00016177, -0.00019228]), 0.00071240998778820952, 0.0024732897108763474]
[53, array([ -1.19588138e-05,   3.77654716e-05]), 0.0001120862088943575, 0.0021376678407079019]
[54, array([ -1.19588138e-05,   3.77654716e-05]), 0.0001120862088943575, 0.0014149463445911614]
[55, array([ -1.19588138e-05,   3.77654716e-05]), 0.0001120862088943575, 0.0011653680043711922]
[56, array([ -1.19588138e-05,   3.77654716e-05]), 0.0001120862088943575, 0.0010383760974749911]
[57, array([ -1.19588138e-05,   3.77654716e-05]), 0.0001120862088943575, 0.00098108843881457015]
[58, array([ -1.19588138e-05,   3.77654716e-05]), 0.0001120862088943575, 0.00085895038047452128]
[59, array([ -1.19588138e-05,   3.77654716e-05]), 0.0001120862088943575, 0.0006936181710472944]
[60, array([  5.05554591e-06,   3.77654716e-05]), 0.00010780839079460591, 0.00056567652087631255]
[61, array([  5.05554591e-06,   3.77654716e-05]), 0.00010780839079460591, 0.00047520968461425286]
[62, array([  1.40913958e-05,  -1.93207123e-05]), 6.7652930625161645e-05, 0.00040562272625903616]
[63, array([  1.40913958e-05,  -1.93207123e-05]), 6.7652930625161645e-05, 0.00033726287238424748]
[64, array([  1.40913958e-05,  -1.93207123e-05]), 6.7652930625161645e-05, 0.00031684816594408361]
[65, array([  1.36962897e-05,   1.15968983e-06]), 3.8882606262280461e-05, 0.00026356210730549279]
[66, array([ -3.30508644e-07,   1.04474441e-05]), 2.9567526560914104e-05, 0.00024635608897680681]
[67, array([ -3.30508644e-07,   1.04474441e-05]), 2.9567526560914104e-05, 0.00019622472674631907]
[68, array([ -3.30508644e-07,   1.04474441e-05]), 2.9567526560914104e-05, 0.00018408636812887734]
[69, array([ -3.30508644e-07,   1.04474441e-05]), 2.9567526560914104e-05, 0.00017732581348601785]
[70, array([ -3.30508644e-07,   1.04474441e-05]), 2.9567526560914104e-05, 0.00014451979217335875]
[71, array([ -3.30508644e-07,   1.04474441e-05]), 2.9567526560914104e-05, 0.00012341372719619769]
[72, array([  5.76940907e-07,   5.86714499e-06]), 1.6675757116946244e-05, 9.7021629233484671e-05]
[73, array([  2.87864245e-06,  -2.28210022e-06]), 1.0390571568041906e-05, 7.5035212566820769e-05]
[74, array([ -3.30508644e-07,   2.95056998e-06]), 8.3979006757495256e-06, 6.1086873291760213e-05]
                                                                                                                                                                                                                                                                                                                                                                                                                                                                                                                                                                                                                                                                                                                                                                                                                                                                                                                                                                                                                                                                                                                                                                                                                                                                                                                                                                                                                                                                                                                                                                                                                                                                                                                                                                                                                                                                                                                                                                                                                                                                                                                                                                                                                                                                                                                                                                                                                                                                                                                                                                                                                                                                                                                                                                                                                                                                                                                                                                                                                                                                                                                                                                                                                                                                                                                                                                                                                                                                                                                                                                                                                                                                                                                                                                                                                                                                                                                                                                                                                                                                                                                                                                                                                                                                                                                                                                                                                                                                                                                                                                                                                                                                                                                                                                                                                                                                                                                                                                                                                                                                                                                                                                                                                                                                                                                                                                                                                                                                                                                                                                                                                                                                                                                                                                                                                                                                                                                                                                                                                                                                                                                                                                                                                                                                                                                                                                                                                                                                                                                                                                                                                                                                                                                                                                                                                                                                                                                                                                                                                                                                                                                                                                                                                                                                                                                                                                                                                                                                                                                                                                                                                                                                                                                                                                                                                                                                                                                                                                                                                                                                                                                                                                                                                                                                                                                                                                                                                                                                                                                                                                                                                                                                                                                                                                                                                                                                                                                                                                                                                                                                                                                                                                                                                                                                                                                                                                                                                                                                                                                                                                                                                                                                                                                                                                                       5.78841011e-05]), 0.00016384317795870018, 0.0011788261363631313]
[64, array([ -1.16155373e-06,   5.78841011e-05]), 0.00016384317795870018, 0.0010436138090889279]
[65, array([ -1.16155373e-06,   5.78841011e-05]), 0.00016384317795870018, 0.00070073571843236597]
[66, array([ -1.16155373e-06,   5.78841011e-05]), 0.00016384317795870018, 0.00069698553870489732]
[67, array([ -1.16155373e-06,   5.78841011e-05]), 0.00016384317795870018, 0.00057041405451387919]
[68, array([ -1.16155373e-06,   5.78841011e-05]), 0.00016384317795870018, 0.00049868629928111479]
[69, array([ -1.52672336e-05,  -1.56305691e-05]), 6.1812590225418518e-05, 0.00033389747943681771]
[70, array([ -1.52672336e-05,  -1.56305691e-05]), 6.1812590225418518e-05, 0.00027868083728366244]
[71, array([ -1.52672336e-05,  -1.56305691e-05]), 6.1812590225418518e-05, 0.00024573863679782092]
[72, array([ -1.52672336e-05,  -1.56305691e-05]), 6.1812590225418518e-05, 0.00021232296491442427]
[73, array([  1.14738050e-05,   1.12421003e-05]), 4.544104492198997e-05, 0.0001699264810970824]
[74, array([  1.14738050e-05,   1.12421003e-05]), 4.544104492198997e-05, 0.00014947298598491087]
[75, array([ -1.16155373e-06,  -6.50653773e-06]), 1.8695384860212272e-05, 0.00012941402977793005]
[76, array([ -1.16155373e-06,  -6.50653773e-06]), 1.8695384860212272e-05, 0.00011224034226531288]
[77, array([ -1.16155373e-06,  -6.50653773e-06]), 1.8695384860212272e-05, 0.00010901510244805123]
[78, array([ -1.16155373e-06,  -6.50653773e-06]), 1.8695384860212272e-05, 9.7558314875545454e-05]
[79, array([ -6.36418892e-06,  -2.25246684e-07]), 1.8012995188332326e-05, 7.8616973469625148e-05]
[80, array([ -1.13372019e-06,   9.47672913e-07]), 4.1794412628526345e-06, 6.3358336956387257e-05]
