[1, array([ 2.01928793,  2.03696557]), 6.7149233573038138, 15.808328844772934]
[2, array([-0.13665629,  0.15514803]), 1.4589570471502253, 12.270845455479012]
[3, array([-0.13665629,  0.15514803]), 1.4589570471502253, 8.4986053521689069]
[4, array([-0.13665629,  0.15514803]), 1.4589570471502253, 6.2346724953123482]
[5, array([-0.13665629,  0.15514803]), 1.4589570471502253, 5.025214004267748]
[6, array([-0.0997962 , -0.08171236]), 0.76244692174070083, 3.5300819943360322]
[7, array([-0.0997962 , -0.08171236]), 0.76244692174070083, 2.5444334039773993]
[8, array([-0.02969472,  0.08553329]), 0.46134405625481678, 1.7041930485293779]
[9, array([ 0.02306989,  0.00608406]), 0.082572627445216984, 0.85029242215737144]
[10, array([ 0.02306989,  0.00608406]), 0.082572627445216984, 0.44103284674778837]
[11, array([-0.00839201, -0.00182178]), 0.026251603551397995, 0.27159305007349355]
[12, array([-0.00839201, -0.00182178]), 0.026251603551397995, 0.13716197774296174]
[13, array([-0.00039399,  0.00617515]), 0.018520694955118433, 0.071072901138302225]
[14, array([-0.00240055, -0.00144099]), 0.0081278714208683489, 0.041834562258158223]
[15, array([-0.00068272, -0.00135812]), 0.0043609034007983105, 0.025127519689498799]
[16, array([ 0.00024248, -0.00013741]), 0.00079037014723981613, 0.0088100716265977937]
[17, array([  1.51610345e-04,  -3.58175954e-05]), 0.00044126940039790341, 0.0046612945392419114]
[18, array([  1.51610345e-04,  -3.58175954e-05]), 0.00044126940039790341, 0.0025769751693224484]
[19, array([  1.48291661e-05,   5.56864642e-05]), 0.00016308257592401176, 0.0012967177932105222]
[20, array([  1.48291661e-05,   5.56864642e-05]), 0.00016308257592401176, 0.00087735616566346768]
[21, array([  1.48291661e-05,   5.56864642e-05]), 0.00016308257592401176, 0.00059650862438944687]
[22, array([  3.82562970e-05,   2.05031857e-05]), 0.00012281579245909668, 0.00038122467945607142]
[23, array([ -5.85196703e-06,   1.68273913e-05]), 5.0399452363070196e-05, 0.00023541077009854306]
[24, array([ -9.57383196e-06,   1.36605111e-06]), 2.7355640718429441e-05, 0.00014890047034201714]
[25, array([ -9.57383196e-06,   1.36605111e-06]), 2.7355640718429441e-05, 9.5019072855695441e-05]
[26, array([ -9.57383196e-06,   1.36605111e-06]), 2.7355640718429441e-05, 6.8231847658761777e-05]
[27, array([  2.04459616e-06,  -2.75317769e-06]), 9.699946482033539e-06, 3.8648148087627732e-05]
#############################################################
[1, array([ 2.01928793,  2.03696557]), 6.7149233573038138, 16.578725767230981]
[2, array([-1.85167777,  0.97695306]), 5.6339014417162332, 13.55378374756641]
[3, array([-1.85167777,  0.97695306]), 5.6339014417162332, 10.875186762356488]
[4, array([-1.85167777,  0.97695306]), 5.6339014417162332, 9.0386543113027091]
[5, array([-1.07954741, -0.32029916]), 4.4101600806095682, 7.2630217849265035]
[6, array([-0.25197691, -0.03970759]), 1.8135727999694891, 4.9833208037855687]
[7, array([-0.0516878 , -0.09070114]), 0.56443594217818971, 3.4233020325406622]
[8, array([-0.0516878 , -0.09070114]), 0.56443594217818971, 2.3946115800424241]
[9, array([-0.01119655, -0.01901056]), 0.075320491334899931, 1.4603714392731451]
[10, array([-0.01119655, -0.01901056]), 0.075320491334899931, 0.72527896659128677]
[11, array([-0.01119655, -0.01901056]), 0.075320491334899931, 0.34374887573931401]
[12, array([-0.00107374, -0.00108791]), 0.0043856123891399257, 0.15672116698352623]
[13, array([-0.00107374, -0.00108791]), 0.0043856123891399257, 0.084082030479386824]
[14, array([-0.00025668, -0.00031066]), 0.0011441089118418013, 0.039824886689683668]
[15, array([-0.00025668, -0.00031066]), 0.0011441089118418013, 0.021625663610090395]
[16, array([-0.00025668, -0.00031066]), 0.0011441089118418013, 0.011659482535698994]
[17, array([-0.00025668, -0.00031066]), 0.0011441089118418013, 0.0078767328896831579]
[18, array([-0.00025668, -0.00031066]), 0.0011441089118418013, 0.0039491203358349661]
[19, array([  1.51857856e-04,   7.79729553e-05]), 0.0004836058751043204, 0.0031089491932081437]
[20, array([  1.51857856e-04,   7.79729553e-05]), 0.0004836058751043204, 0.0016365985156503449]
[21, array([  2.62733651e-05,   3.03936834e-05]), 0.00011367627443492623, 0.00092316200347744017]
[22, array([  2.62733651e-05,   3.03936834e-05]), 0.00011367627443492623, 0.00064391099874088202]
[23, array([  2.62733651e-05,   3.03936834e-05]), 0.00011367627443492623, 0.00038149836997538602]
[24, array([  8.27543138e-06,   3.00178986e-05]), 8.8096561964068343e-05, 0.00024118144355673722]
[25, array([ -3.15843528e-06,  -3.76977612e-06]), 1.3910906560443692e-05, 0.00013464969436460805]
[26, array([ -3.15843528e-06,  -3.76977612e-06]), 1.3910906560443692e-05, 7.7116286254241825e-05]
[27, array([ -3.32368475e-06,   2.16303541e-06]), 1.1216693544202627e-05, 4.0797678372239685e-05]
[28, array([ -3.32368475e-06,   2.16303541e-06]), 1.1216693544202627e-05, 3.0988394853270762e-05]
[29, array([ -1.32357952e-06,   7.79908307e-07]), 4.3452852520609042e-06, 1.9121112472841874e-05]
#############################################################
[1, array([ 2.01928793,  2.03696557]), 6.7149233573038138, 15.45444485130783]
[2, array([ 0.15806292, -0.80679344]), 3.3488351075790139, 10.473967897349702]
[3, array([ 0.19094579,  0.18049393]), 1.9667231053376608, 7.9455418668310127]
[4, array([ 0.19094579,  0.18049393]), 1.9667231053376608, 5.8222993864203563]
[5, array([ 0.19094579,  0.18049393]), 1.9667231053376608, 4.5532484023947735]
[6, array([ 0.19094579,  0.18049393]), 1.9667231053376608, 3.6544501799139]
[7, array([-0.00252979, -0.04581349]), 0.1848759347430442, 2.6064994447328891]
[8, array([-0.00252979, -0.04581349]), 0.1848759347430442, 1.8597071117606145]
[9, array([-0.00252979, -0.04581349]), 0.1848759347430442, 1.2229215895578267]
[10, array([-0.01094691, -0.00752391]), 0.0422634035675995, 0.60042629896258704]
[11, array([-0.0057193 ,  0.00017971]), 0.017056247732977869, 0.29604470394519844]
[12, array([-0.0057193 ,  0.00017971]), 0.017056247732977869, 0.13142996173474505]
[13, array([-0.0057193 ,  0.00017971]), 0.017056247732977869, 0.063853437594952128]
[14, array([-0.00441239,  0.00210561]), 0.014464709754193894, 0.040880260061418469]
[15, array([-0.00145518,  0.00210561]), 0.0074138611192755555, 0.021991817123872527]
[16, array([ 0.00024328, -0.00125279]), 0.0036529727285139479, 0.015061327801165536]
[17, array([-0.00060595,  0.00042641]), 0.0021103370857571413, 0.0090758970020119456]
[18, array([ 0.00055947, -0.00041617]), 0.0019851709015488161, 0.0048928793190085255]
[19, array([ 0.00018803, -0.0005999 ]), 0.0017886989589155355, 0.00363796767892266]
[20, array([  8.87319029e-05,  -6.44150330e-05]), 0.00031045104555760261, 0.0024670658060547803]
[21, array([  8.87319029e-05,  -6.44150330e-05]), 0.00031045104555760261, 0.0014270599904876668]
[22, array([  7.34978177e-05,   1.57177156e-05]), 0.00021273406859423361, 0.00089542301704623737]
[23, array([  2.23198210e-05,  -5.58869041e-05]), 0.00017030854888533398, 0.00052250626697434297]
[24, array([  1.34069216e-05,  -3.30039568e-05]), 0.00010079119173100892, 0.00033757257618072245]
[25, array([ -1.73632811e-05,  -3.00543800e-05]), 9.8205367621506667e-05, 0.0002039161103206233]
[26, array([  8.22571723e-06,   5.74792986e-06]), 2.8385933142249797e-05, 0.00013033759808598334]
[27, array([ -5.89559977e-06,   6.21253450e-06]), 2.4226516288639033e-05, 8.0661922427527338e-05]
[28, array([  3.15470350e-06,   1.32400712e-06]), 9.677149617193237e-06, 5.2911078467321462e-05]
#############################################################
[1, array([ 2.01928793,  2.03696557]), 6.7149233573038138, 17.371565050607106]
[2, array([ 2.01928793,  2.03696557]), 6.7149233573038138, 14.868486409205062]
[3, array([ 1.89228248, -1.0115288 ]), 5.5214401197965053, 12.286024407623769]
[4, array([-0.09743155,  0.61610844]), 3.3698496639976949, 9.2808535687636535]
[5, array([-0.85391499, -0.04841926]), 2.8136176929346459, 7.310655216997465]
[6, array([-0.85391499, -0.04841926]), 2.8136176929346459, 5.5221822125971318]
[7, array([-0.25125052, -0.21907598]), 2.5422182706931733, 4.5605908319982555]
[8, array([-0.139288  , -0.03526788]), 0.87669943628710145, 3.4169800091825189]
[9, array([-0.07558279,  0.05194494]), 0.47104436144615081, 2.0026843672421997]
[10, array([-0.07558279,  0.05194494]), 0.47104436144615081, 1.1837639892816996]
[11, array([-0.01275504, -0.00942417]), 0.051541695737651327, 0.57875519653884755]
[12, array([-0.01275504, -0.00942417]), 0.051541695737651327, 0.25265681021418435]
[13, array([ 0.00185466,  0.00744515]), 0.023268504627286024, 0.16356699841015745]
[14, array([ 0.00185466,  0.00744515]), 0.023268504627286024, 0.074250856430032736]
[15, array([ 0.00400854, -0.00134471]), 0.012434767074694708, 0.049581760899482942]
[16, array([ 0.00325486,  0.00045386]), 0.0095827632598610712, 0.032207704576083976]
[17, array([ 0.00027648, -0.00176595]), 0.0051407740854902961, 0.019395545029226201]
[18, array([  1.33009975e-03,  -1.07468838e-05]), 0.0038093254005429067, 0.0096587277031054512]
[19, array([ -2.13493106e-05,   3.30293277e-04]), 0.00093907711447061004, 0.0055025996509743711]
[20, array([ -2.13493106e-05,   3.30293277e-04]), 0.00093907711447061004, 0.0040032000281903461]
[21, array([ -2.13493106e-05,   3.30293277e-04]), 0.00093907711447061004, 0.0027638290905314554]
[22, array([-0.0001625 ,  0.00017179]), 0.00067034058181691947, 0.0015862601129584598]
[23, array([  1.77438054e-05,  -2.30319066e-05]), 8.2256874414543546e-05, 0.0010701699191261404]
[24, array([  1.77438054e-05,  -2.30319066e-05]), 8.2256874414543546e-05, 0.00066047489808509499]
[25, array([  1.77438054e-05,  -2.30319066e-05]), 8.2256874414543546e-05, 0.00038931239147048656]
[26, array([  1.77438054e-05,  -2.30319066e-05]), 8.2256874414543546e-05, 0.00021684130241430565]
[27, array([ -2.52297727e-06,  -1.36459287e-05]), 3.925578753127823e-05, 0.00013738738103326044]
[28, array([ -3.56613969e-06,   1.25701314e-06]), 1.0695214733846825e-05, 7.0136175482193861e-05]
[29, array([ -3.56613969e-06,   1.25701314e-06]), 1.0695214733846825e-05, 4.6069180211194548e-05]
[30, array([ -3.16621963e-06,   5.66819103e-07]), 9.0980689120279123e-06, 2.6855543913573143e-05]
#############################################################
[1, array([ 2.01928793,  2.03696557]), 6.7149233573038138, 16.027171470060871]
[2, array([ 0.69155537,  2.03696557]), 6.6048767944333413, 13.51419660721287]
[3, array([ 0.60367543, -0.3054538 ]), 3.9766988659212648, 9.7807838063884276]
[4, array([-0.41363035, -0.0519565 ]), 2.8168378989625507, 7.0250363442903545]
[5, array([ 0.25443265,  0.16997326]), 2.3104168543865815, 5.1464291613219935]
[6, array([-0.03534169,  0.00392949]), 0.13390212098878296, 3.8844333065912906]
[7, array([-0.03534169,  0.00392949]), 0.13390212098878296, 2.936123206708642]
[8, array([-0.03534169,  0.00392949]), 0.13390212098878296, 2.0877885559679554]
[9, array([-0.03534169,  0.00392949]), 0.13390212098878296, 1.4762880639998541]
[10, array([ 0.00273655, -0.00814092]), 0.026255184341892335, 0.82690146596276914]
[11, array([ 0.00273655, -0.00814092]), 0.026255184341892335, 0.30298922471641143]
[12, array([ 0.00273655, -0.00814092]), 0.026255184341892335, 0.10221976071571329]
[13, array([ 0.00273655, -0.00814092]), 0.026255184341892335, 0.07104334503658967]
[14, array([-0.00623434, -0.00318779]), 0.021109959570033698, 0.048493365890902231]
[15, array([-0.00145825, -0.00127835]), 0.0055851344745900811, 0.033130352286805921]
[16, array([ -1.30137077e-03,  -3.90891183e-05]), 0.0037276294339574356, 0.020804422005676938]
[17, array([ -1.30137077e-03,  -3.90891183e-05]), 0.0037276294339574356, 0.015109016767954753]
[18, array([ -4.34485786e-05,  -7.42728782e-04]), 0.0021190852805550442, 0.0098294894989947139]
[19, array([  2.92140600e-05,   3.53772485e-04]), 0.0010073810220672108, 0.0062354371054269995]
[20, array([ -7.11725929e-06,  -1.94478149e-04]), 0.00055144398552586793, 0.0038225403312584839]
[21, array([ -7.11725929e-06,  -1.94478149e-04]), 0.00055144398552586793, 0.0028576592215389775]
[22, array([  1.07647869e-05,  -9.32430905e-05]), 0.00026571762490634754, 0.0013632184470043108]
[23, array([  1.07647869e-05,  -9.32430905e-05]), 0.00026571762490634754, 0.00085658867139217778]
[24, array([  9.12424887e-06,   1.00730084e-05]), 3.8446293917804297e-05, 0.00045543357703179408]
[25, array([  9.12424887e-06,   1.00730084e-05]), 3.8446293917804297e-05, 0.00026480281239065205]
[26, array([  9.12424887e-06,   1.00730084e-05]), 3.8446293917804297e-05, 0.00014700042779383082]
[27, array([  9.12424887e-06,   1.00730084e-05]), 3.8446293917804297e-05, 9.8529924366008709e-05]
[28, array([ -6.04965851e-06,   2.12556993e-06]), 1.813755883306456e-05, 6.6865544382732622e-05]
[29, array([  3.23902440e-06,  -2.45396081e-06]), 1.1494160685021626e-05, 3.9258714837853145e-05]
[30, array([  2.40268252e-06,  -2.45396081e-06]), 9.7141421417923368e-06, 2.8869889043559028e-05]
#############################################################
[1, array([ 1.18811362,  0.85873905]), 4.8057340553730974, 15.986309413357683]
[2, array([ 1.18811362,  0.85873905]), 4.8057340553730974, 12.987415838192934]
[3, array([ 1.18811362,  0.85873905]), 4.8057340553730974, 9.69005410250751]
[4, array([ 1.18811362,  0.85873905]), 4.8057340553730974, 8.169685549293753]
[5, array([-0.31827162,  0.71799926]), 4.0857010612674181, 6.5013765614281436]
[6, array([-0.94075279,  0.95315875]), 3.5981972531174446, 5.1641573229874149]
[7, array([-0.38435564,  0.10762342]), 2.79955474292364, 4.6976901607793859]
[8, array([-0.09112448, -0.01024445]), 0.46862328055526037, 3.4347140823056534]
[9, array([-0.09112448, -0.01024445]), 0.46862328055526037, 2.7742974269767346]
[10, array([-0.04259979,  0.01998992]), 0.19111985947104815, 2.0117739180150158]
[11, array([-0.04259979,  0.01998992]), 0.19111985947104815, 1.4596123811689394]
[12, array([ 0.01886319,  0.03319151]), 0.14639624629674275, 0.89478661889424216]
[13, array([ 0.00024949, -0.00693424]), 0.020907208057242332, 0.62389978228813159]
[14, array([ 0.00024949, -0.00693424]), 0.020907208057242332, 0.36772085995938025]
[15, array([ 0.00024949, -0.00693424]), 0.020907208057242332, 0.19786968707659752]
[16, array([ 0.00024949, -0.00693424]), 0.020907208057242332, 0.12823451076070969]
[17, array([ 0.00024949, -0.00693424]), 0.020907208057242332, 0.073592331883971601]
[18, array([-0.00157676,  0.00527256]), 0.016371892468999949, 0.041870672494592129]
[19, array([-0.00197378, -0.00083084]), 0.0061792467082928404, 0.022851041764663637]
[20, array([-0.00075753, -0.00041544]), 0.0024635536955313064, 0.011328784356034394]
[21, array([  5.95108467e-05,   1.29554707e-04]), 0.00040378770284066334, 0.0080076210242881803]
[22, array([  5.95108467e-05,   1.29554707e-04]), 0.00040378770284066334, 0.0047075707065489247]
[23, array([  5.95108467e-05,   1.29554707e-04]), 0.00040378770284066334, 0.002779454267353554]
[24, array([  5.95108467e-05,   1.29554707e-04]), 0.00040378770284066334, 0.0016736034503671781]
[25, array([  5.91220144e-05,   5.08413736e-05]), 0.0002207113640300129, 0.0010980021195249102]
[26, array([  5.91220144e-05,   5.08413736e-05]), 0.0002207113640300129, 0.00055060744639403583]
[27, array([  9.75487493e-07,   5.08413736e-05]), 0.00014389644252732481, 0.00037524955517236335]
[28, array([  3.89968561e-06,   1.03054677e-06]), 1.1409052611544013e-05, 0.00024046390354302006]
[29, array([  3.89968561e-06,   1.03054677e-06]), 1.1409052611544013e-05, 0.00014951062417756233]
[30, array([  3.89968561e-06,   1.03054677e-06]), 1.1409052611544013e-05, 9.9289578470251888e-05]
[31, array([ -3.11308240e-07,  -1.08964584e-07]), 9.3289560654241654e-07, 6.3677822968077888e-05]
#############################################################
[1, array([ 0.66377891,  2.03696557]), 6.6889591198547009, 16.174825055217713]
[2, array([-1.83707058,  0.14003357]), 5.5220324011034236, 13.249846530381447]
[3, array([ 0.65800522,  0.88723849]), 4.4984220893886118, 11.005027107935989]
[4, array([-0.25518624,  0.09438284]), 1.9838803170192496, 8.3792267674454699]
[5, array([-0.00227022,  0.05606744]), 0.24041809062016073, 4.9007614303179015]
[6, array([-0.00161635,  0.05606744]), 0.24028842386962213, 3.7002440810715576]
[7, array([-0.00161635,  0.05606744]), 0.24028842386962213, 3.1455102550494591]
[8, array([-0.00161635,  0.05606744]), 0.24028842386962213, 2.30598453540855]
[9, array([-0.00161635,  0.05606744]), 0.24028842386962213, 1.3035113846830475]
[10, array([ 0.02829076, -0.0368883 ]), 0.18820622419234612, 0.75450949310631543]
[11, array([-0.0014888 , -0.01457319]), 0.047138020171690886, 0.38535818774653202]
[12, array([-0.00248647, -0.00746824]), 0.023912392959229312, 0.15400033968155666]
[13, array([-0.00248647, -0.00746824]), 0.023912392959229312, 0.071973362812993269]
[14, array([-0.0025763 , -0.00098763]), 0.0080066775803264711, 0.041163114546049415]
[15, array([-0.00020806,  0.0012224 ]), 0.0035481491493887241, 0.01859644526382729]
[16, array([-0.00020806,  0.0012224 ]), 0.0035481491493887241, 0.012476737503668378]
[17, array([ -5.27911553e-04,   6.35586961e-05]), 0.0015114709588677222, 0.0053598815959683853]
[18, array([ -9.79485370e-05,  -1.87792812e-04]), 0.00060026086403697221, 0.0036398280824019302]
[19, array([ -3.75265408e-05,  -9.04352432e-06]), 0.0001092194039569172, 0.0018352534579878289]
[20, array([ -3.75265408e-05,  -9.04352432e-06]), 0.0001092194039569172, 0.0010237146633174099]
[21, array([ -3.75265408e-05,  -9.04352432e-06]), 0.0001092194039569172, 0.00067395788231694453]
[22, array([ -3.75265408e-05,  -9.04352432e-06]), 0.0001092194039569172, 0.00040704421791621926]
[23, array([ -3.75265408e-05,  -9.04352432e-06]), 0.0001092194039569172, 0.00025985538493591422]
[24, array([  1.43595605e-05,   7.36467511e-06]), 4.5652124680106709e-05, 0.00017688232032240237]
[25, array([  5.66532805e-06,  -6.26722698e-06]), 2.3897352182888909e-05, 0.0001190861527962106]
[26, array([ -7.37353505e-06,  -2.78942484e-06]), 2.2299620788590602e-05, 7.3829670320879615e-05]
[27, array([  3.57644252e-06,  -2.48131397e-06]), 1.2312404532810461e-05, 5.1408133485697505e-05]
[28, array([  3.57644252e-06,  -2.48131397e-06]), 1.2312404532810461e-05, 3.9198765783421409e-05]
[29, array([ -7.40781232e-07,   1.23610004e-07]), 2.1242302001844848e-06, 2.8625869384502067e-05]
#############################################################
[1, array([ 2.01928793,  2.03696557]), 6.7149233573038138, 15.994058563164291]
[2, array([ 2.01928793,  2.03696557]), 6.7149233573038138, 13.973209594422983]
[3, array([-0.10496731, -1.793135  ]), 5.5075480519049265, 10.99044804451643]
[4, array([ 0.81546476, -0.4547302 ]), 4.4364221179001113, 8.4631350251466166]
[5, array([ 0.65215371, -0.22199722]), 3.7568676884821923, 6.1547430606363873]
[6, array([-0.064491  ,  0.13093836]), 0.90216903723469644, 3.9766097092349257]
[7, array([-0.064491  ,  0.13093836]), 0.90216903723469644, 2.9676744384934444]
[8, array([-0.01025854, -0.12161967]), 0.6975051631596263, 2.4459578816255627]
[9, array([-0.05483715, -0.0200211 ]), 0.25356430001365071, 2.1819141649914977]
[10, array([ 0.01797305, -0.03244279]), 0.14117718027455739, 1.1738045201642311]
[11, array([-0.00933974,  0.01645572]), 0.063027492536690932, 0.67185613694634871]
[12, array([ 0.0025403, -0.0116631]), 0.037551361403036498, 0.41439962062793595]
[13, array([ 0.0025403, -0.0116631]), 0.037551361403036498, 0.143240937053183]
[14, array([ 0.00249539,  0.0017507 ]), 0.0088692140485489013, 0.098067443734361867]
[15, array([ 0.00249539,  0.0017507 ]), 0.0088692140485489013, 0.049486336289488529]
[16, array([ 0.00249539,  0.0017507 ]), 0.0088692140485489013, 0.032824923237862527]
[17, array([ 0.00196083, -0.00073713]), 0.0060418661373167204, 0.023923979843155953]
[18, array([-0.00047038,  0.00053639]), 0.0020314305555158008, 0.014579673471066723]
[19, array([  1.71500602e-04,  -7.13813939e-05]), 0.00052633498718934746, 0.0085384313459861087]
[20, array([  1.71500602e-04,  -7.13813939e-05]), 0.00052633498718934746, 0.0051586504106198028]
[21, array([  1.71500602e-04,  -7.13813939e-05]), 0.00052633498718934746, 0.0033584744428586609]
[22, array([  5.81664563e-05,   1.27706955e-04]), 0.00039743648870826931, 0.0017630954536634214]
[23, array([  5.81664563e-05,   1.27706955e-04]), 0.00039743648870826931, 0.0011043975623464598]
[24, array([  1.04951287e-05,   1.62057590e-05]), 5.4619401776978549e-05, 0.00071863563978196159]
[25, array([  1.04951287e-05,   1.62057590e-05]), 5.4619401776978549e-05, 0.00042871009094946899]
[26, array([ -5.04264260e-06,   5.98000483e-06]), 2.2126493572915962e-05, 0.00022920458147455137]
[27, array([ -5.04264260e-06,   5.98000483e-06]), 2.2126493572915962e-05, 0.00013724222619204696]
[28, array([ -5.04264260e-06,   5.98000483e-06]), 2.2126493572915962e-05, 8.41406075708484e-05]
[29, array([ -6.78427171e-06,  -6.36226205e-07]), 1.9274248903133895e-05, 6.0867931857000457e-05]
[30, array([  2.59877219e-06,   8.44813565e-07]), 7.7292747850954413e-06, 3.3491397712648305e-05]
#############################################################
[1, array([ 2.01928793,  2.03696557]), 6.7149233573038138, 17.203167527587873]
[2, array([ 2.01928793,  2.03696557]), 6.7149233573038138, 14.472736668999715]
[3, array([ 2.01928793,  2.03696557]), 6.7149233573038138, 12.15990145943702]
[4, array([ -1.08125476e-03,   1.69437132e+00]), 5.5905025218478706, 10.515872184475649]
[5, array([ 0.01297094, -0.51242631]), 3.1169402552403267, 8.1484762598752134]
[6, array([ 0.01297094, -0.51242631]), 3.1169402552403267, 6.5373708257660939]
[7, array([ 0.22701223, -0.11076268]), 1.8428461105436651, 4.6039525524391758]
[8, array([ 0.15695411, -0.01026666]), 0.98787021667745423, 2.9713713630236356]
[9, array([ 0.15695411, -0.01026666]), 0.98787021667745423, 2.3335292975746418]
[10, array([-0.00865378,  0.00415731]), 0.02960726434876948, 1.5389645573050734]
[11, array([-0.00865378,  0.00415731]), 0.02960726434876948, 0.9661662976751263]
[12, array([-0.00261897,  0.00468773]), 0.015955482654938624, 0.50777166334227508]
[13, array([-0.00261897,  0.00468773]), 0.015955482654938624, 0.32044199623883218]
[14, array([-0.00261897,  0.00468773]), 0.015955482654938624, 0.17071798495301643]
[15, array([-0.00261897,  0.00468773]), 0.015955482654938624, 0.096270022002826833]
[16, array([-0.00261897,  0.00468773]), 0.015955482654938624, 0.060146265092902509]
[17, array([ 0.00149878,  0.002124  ]), 0.0075326016205043977, 0.027443674962056706]
[18, array([-0.00022396, -0.00154886]), 0.0044916026470755988, 0.018777902646819465]
[19, array([-0.00077862, -0.00018883]), 0.0022832154782368441, 0.0096602367983924069]
[20, array([-0.00041863, -0.00066914]), 0.0022490798167713599, 0.0064532670494050317]
[21, array([-0.0001827 , -0.00017619]), 0.00071959983664671157, 0.0035821354033285678]
[22, array([-0.0001827 , -0.00017619]), 0.00071959983664671157, 0.0026239399515097794]
[23, array([-0.0001827 , -0.00017619]), 0.00071959983664671157, 0.0014424488463064655]
[24, array([  5.24170529e-05,  -1.05834769e-04]), 0.00033441987444193799, 0.0010743300295261271]
[25, array([ -8.42487587e-05,  -7.98315180e-05]), 0.00032863815809180963, 0.00072151671797575649]
[26, array([  5.20527759e-05,  -3.31936137e-06]), 0.00014759897289851054, 0.00048911146412686788]
[27, array([  1.80759945e-05,   1.72354293e-05]), 7.0659464786348991e-05, 0.00023764001686457092]
[28, array([ -1.71957335e-06,  -4.84686891e-06]), 1.4546926007330541e-05, 0.00012945126525147898]
[29, array([ -1.71957335e-06,  -4.84686891e-06]), 1.4546926007330541e-05, 7.4987280079863441e-05]
[30, array([ -1.71957335e-06,  -4.84686891e-06]), 1.4546926007330541e-05, 5.3746626984096935e-05]
[31, array([ -1.02933446e-06,   1.02041791e-06]), 4.0995994692316629e-06, 3.4811319016103684e-05]
#############################################################
[1, array([ 2.01928793,  2.03696557]), 6.7149233573038138, 16.102207281809505]
[2, array([ 2.01928793,  2.03696557]), 6.7149233573038138, 13.075050825135682]
[3, array([-0.50126963,  0.33655133]), 3.8868442201246975, 10.153364275211745]
[4, array([-0.02250615, -1.1670801 ]), 3.657686078101904, 8.3585970307506123]
[5, array([-0.02250615, -1.1670801 ]), 3.657686078101904, 7.046224944888074]
[6, array([ 0.05917311, -0.81366185]), 2.9617571463703638, 5.644110568001599]
[7, array([ 0.05917311, -0.81366185]), 2.9617571463703638, 5.0080990235251983]
[8, array([-0.14802183,  0.13845025]), 1.4219764941307926, 4.2152376270959495]
[9, array([ 0.14687295,  0.07930492]), 1.0868634125398988, 3.1438716569797203]
[10, array([ 0.14687295,  0.07930492]), 1.0868634125398988, 2.5400399152935869]
[11, array([ 0.0663676 , -0.02772862]), 0.33605558356579168, 1.8667967077357965]
[12, array([ 0.00888293, -0.03500244]), 0.13651076827072872, 0.98031429254191305]
[13, array([ 0.01465465, -0.00421803]), 0.049313621041939815, 0.3971510361540222]
[14, array([ 0.00425306,  0.00687387]), 0.024601886607879653, 0.23182770324380017]
[15, array([-0.00064318,  0.00126015]), 0.0040549588734148934, 0.080900506567339742]
[16, array([-0.00086645, -0.0005583 ]), 0.0029436792964578906, 0.038362905347352247]
[17, array([-0.00086645, -0.0005583 ]), 0.0029436792964578906, 0.020455634584978722]
[18, array([-0.00086645, -0.0005583 ]), 0.0029436792964578906, 0.014319011215403155]
[19, array([-0.00086645, -0.0005583 ]), 0.0029436792964578906, 0.0089968576845953947]
[20, array([-0.00036825, -0.00051872]), 0.0018100582209616967, 0.0063488854741581054]
[21, array([  3.33449569e-05,  -2.54319692e-04]), 0.0007272332026002637, 0.0032289230245772238]
[22, array([  5.60375103e-05,  -4.07339639e-05]), 0.00019607592504344851, 0.0021586600484638117]
[23, array([  5.60375103e-05,  -4.07339639e-05]), 0.00019607592504344851, 0.0012129144711464867]
[24, array([  5.60375103e-05,  -4.07339639e-05]), 0.00019607592504344851, 0.00076368804448572196]
[25, array([  3.33449569e-05,  -1.05982127e-05]), 9.8995552012315358e-05, 0.00043087328146365069]
[26, array([  1.25981247e-05,  -2.04060296e-05]), 6.7845619675654945e-05, 0.00023449859181932098]
[27, array([  1.84053947e-05,  -1.28955527e-05]), 6.3577830801353485e-05, 0.0001429557901109213]
[28, array([  6.22720012e-06,   9.06092351e-07]), 1.7799711639288063e-05, 9.4445715100288657e-05]
[29, array([  4.77538261e-06,  -9.71526872e-07]), 1.3784142386175091e-05, 4.3708872078429553e-05]
[30, array([  7.46893733e-07,  -1.14007653e-06]), 3.855045961120851e-06, 1.9469212689227076e-05]
#############################################################
