---------------------#1: seed=510---------------------------
[1, array([ 2.01928793,  2.03696557]), 6.7149233573038138, 17.181758372818972]
[2, array([ 2.01928793,  2.03696557]), 6.7149233573038138, 16.076516980780355]
[3, array([ 1.0130788 , -1.75114725]), 6.0427443540838084, 14.685073502192996]
[4, array([ 1.30837757,  0.33641125]), 5.5509150334027098, 13.207294777333043]
[5, array([ 1.08332124, -0.07388185]), 3.1541207465810435, 10.626932155383589]
[6, array([ 1.08332124, -0.07388185]), 3.1541207465810435, 9.8843759502339026]
[7, array([ 1.08332124, -0.07388185]), 3.1541207465810435, 8.7099139966056285]
[8, array([ 1.08332124, -0.07388185]), 3.1541207465810435, 7.0103695618091679]
[9, array([-0.25383726, -0.06037971]), 1.8707531813492939, 5.8944326246044474]
[10, array([-0.25383726, -0.06037971]), 1.8707531813492939, 5.0569849490079495]
[11, array([-0.25383726, -0.06037971]), 1.8707531813492939, 4.425788096909514]
[12, array([ 0.0385315 ,  0.13210926]), 0.82681138599528525, 3.1946394600208814]
[13, array([ 0.0385315 ,  0.13210926]), 0.82681138599528525, 3.0232017725283504]
[14, array([ 0.0385315 ,  0.13210926]), 0.82681138599528525, 2.6037114013605014]
[15, array([ 0.0385315 ,  0.13210926]), 0.82681138599528525, 2.522824634157995]
[16, array([ 0.0385315 ,  0.13210926]), 0.82681138599528525, 2.3160467407966001]
[17, array([ 0.0385315 ,  0.13210926]), 0.82681138599528525, 2.1700288722899503]
[18, array([ 0.01591557,  0.00789669]), 0.058638909747142254, 1.663515270917213]
[19, array([ 0.01591557,  0.00789669]), 0.058638909747142254, 1.3989675913773516]
[20, array([ 0.01591557,  0.00789669]), 0.058638909747142254, 1.1373687602573237]
[21, array([ 0.01591557,  0.00789669]), 0.058638909747142254, 0.87003436929781908]
[22, array([ 0.01591557,  0.00789669]), 0.058638909747142254, 0.58401213647135575]
[23, array([ 0.01591557,  0.00789669]), 0.058638909747142254, 0.36201663860865346]
[24, array([-0.00121103, -0.00068371]), 0.0039850133638172913, 0.24858017616736]
[25, array([-0.00121103, -0.00068371]), 0.0039850133638172913, 0.15472358952034151]
[26, array([-0.00121103, -0.00068371]), 0.0039850133638172913, 0.12757108691619079]
[27, array([-0.00121103, -0.00068371]), 0.0039850133638172913, 0.087695367242671102]
[28, array([-0.00121103, -0.00068371]), 0.0039850133638172913, 0.047135121042062259]
[29, array([-0.00121103, -0.00068371]), 0.0039850133638172913, 0.033545231829308353]
[30, array([-0.00121103, -0.00068371]), 0.0039850133638172913, 0.02541650097352326]
[31, array([-0.00121103, -0.00068371]), 0.0039850133638172913, 0.022649931107816546]
[32, array([-0.00121103, -0.00068371]), 0.0039850133638172913, 0.020807001314227323]
[33, array([-0.00121103, -0.00068371]), 0.0039850133638172913, 0.014833655994196438]
[34, array([-0.00121103, -0.00068371]), 0.0039850133638172913, 0.011820656323660916]
[35, array([-0.00085063,  0.00032105]), 0.0025936032731093128, 0.010217811581297642]
[36, array([-0.00085063,  0.00032105]), 0.0025936032731093128, 0.008621652694451587]
[37, array([ 0.00055054, -0.00063379]), 0.0023932779688249362, 0.0069681217039158309]
[38, array([ 0.00018966,  0.00011898]), 0.00063459966835965886, 0.0057632919719087464]
[39, array([  3.41539710e-05,   4.00016975e-06]), 9.7293817479471301e-05, 0.004300551364986571]
[40, array([  3.41539710e-05,   4.00016975e-06]), 9.7293817479471301e-05, 0.0029740459339373084]
[41, array([  3.41539710e-05,   4.00016975e-06]), 9.7293817479471301e-05, 0.0024377594755782715]
[42, array([  3.41539710e-05,   4.00016975e-06]), 9.7293817479471301e-05, 0.0016642367778890055]
[43, array([  3.41539710e-05,   4.00016975e-06]), 9.7293817479471301e-05, 0.0011921918173091405]
[44, array([  3.41539710e-05,   4.00016975e-06]), 9.7293817479471301e-05, 0.0009619715009635321]
[45, array([  3.41539710e-05,   4.00016975e-06]), 9.7293817479471301e-05, 0.00076225611557374502]
[46, array([  3.41539710e-05,   4.00016975e-06]), 9.7293817479471301e-05, 0.00061582065877212604]
[47, array([  3.41539710e-05,   4.00016975e-06]), 9.7293817479471301e-05, 0.00040011380679052524]
[48, array([  3.41539710e-05,   4.00016975e-06]), 9.7293817479471301e-05, 0.00031540386002140155]
[49, array([ -2.50441138e-05,   1.18878526e-05]), 7.8431110623444766e-05, 0.00026515924528984768]
[50, array([  8.46137323e-06,  -2.61967200e-05]), 7.7884831082730699e-05, 0.00022363550007513665]
[51, array([  2.93821042e-08,  -2.64037317e-05]), 7.4699641480879819e-05, 0.00016945722762189418]
[52, array([ -6.40407531e-06,   1.91750317e-06]), 1.8909177516679421e-05, 0.00012510897597559634]
[53, array([  4.11797279e-06,   3.20212391e-06]), 1.4755058853399561e-05, 9.4360471815324587e-05]
[54, array([  4.11797279e-06,   3.20212391e-06]), 1.4755058853399561e-05, 5.9953664190626198e-05]
[55, array([ -4.28123154e-07,  -2.84595829e-06]), 8.1403768281695932e-06, 4.8197385208847973e-05]
---------------------#2: seed=365---------------------------
[1, array([ 1.84514019, -1.14434826]), 6.2030077043446781, 17.045878899602059]
[2, array([ 1.84514019, -1.14434826]), 6.2030077043446781, 15.529973825390917]
[3, array([ 1.84514019, -1.14434826]), 6.2030077043446781, 13.155161061466686]
[4, array([-1.20274761,  0.81640591]), 5.017251843058137, 11.25172773618427]
[5, array([-1.20274761,  0.81640591]), 5.017251843058137, 10.497125716418271]
[6, array([-1.20274761,  0.81640591]), 5.017251843058137, 9.1686981379007513]
[7, array([-1.20274761,  0.81640591]), 5.017251843058137, 8.5154362417041565]
[8, array([-0.00207557,  0.76392358]), 3.0440960672370747, 7.6498707430569182]
[9, array([-0.00207557,  0.76392358]), 3.0440960672370747, 6.7398467067386836]
[10, array([-0.00207557,  0.76392358]), 3.0440960672370747, 6.4707509579755325]
[11, array([-0.00207557,  0.76392358]), 3.0440960672370747, 5.8166525946416305]
[12, array([-0.00461101,  0.42990478]), 2.8494257001227514, 4.9990195746219133]
[13, array([ 0.16080508, -0.32929467]), 2.7011826247255404, 4.2687289470199659]
[14, array([-0.15684392,  0.18591119]), 1.7910761007619844, 3.5253017857823963]
[15, array([-0.15684392,  0.18591119]), 1.7910761007619844, 3.2904332856384357]
[16, array([-0.09968323,  0.09132868]), 0.81514573065238283, 2.9003957728823258]
[17, array([-0.09968323,  0.09132868]), 0.81514573065238283, 2.4862398456812942]
[18, array([-0.09968323,  0.09132868]), 0.81514573065238283, 2.2141242329340889]
[19, array([ 0.04781002,  0.01290756]), 0.2041322296985979, 1.7733058067534686]
[20, array([ 0.0189381 , -0.00115201]), 0.063221295383737885, 1.4836022122791614]
[21, array([ 0.0189381 , -0.00115201]), 0.063221295383737885, 1.2444594055096985]
[22, array([ 0.0189381 , -0.00115201]), 0.063221295383737885, 0.96845170663742619]
[23, array([ 0.0189381 , -0.00115201]), 0.063221295383737885, 0.65706662264988525]
[24, array([ 0.0189381 , -0.00115201]), 0.063221295383737885, 0.46269485891221451]
[25, array([-0.00083633, -0.00115201]), 0.004080436364600093, 0.2896664032064673]
[26, array([-0.00083633, -0.00115201]), 0.004080436364600093, 0.22388033951240988]
[27, array([-0.00083633, -0.00115201]), 0.004080436364600093, 0.16561823135635861]
[28, array([-0.00083633, -0.00115201]), 0.004080436364600093, 0.12268981424621073]
[29, array([-0.00083633, -0.00115201]), 0.004080436364600093, 0.0710710830446529]
[30, array([-0.00083633, -0.00115201]), 0.004080436364600093, 0.051307999828187345]
[31, array([-0.00083633, -0.00115201]), 0.004080436364600093, 0.043772304992651188]
[32, array([-0.00083633, -0.00115201]), 0.004080436364600093, 0.038075103508249428]
[33, array([-0.00083633, -0.00115201]), 0.004080436364600093, 0.028000307204000041]
[34, array([-0.00083633, -0.00115201]), 0.004080436364600093, 0.021223881049821803]
[35, array([-0.00083633, -0.00115201]), 0.004080436364600093, 0.019634573523181497]
[36, array([-0.00083633, -0.00115201]), 0.004080436364600093, 0.014547903227578285]
[37, array([-0.00062498,  0.00062435]), 0.0025194436188553659, 0.013010770351530265]
[38, array([  4.56977340e-05,   6.54761615e-04]), 0.0018679219871491348, 0.0095900335456838622]
[39, array([ 0.0003342 , -0.00038044]), 0.0014390868966569492, 0.0067792346415953553]
[40, array([ 0.0003342 , -0.00038044]), 0.0014390868966569492, 0.0054270654111152616]
[41, array([ 0.0003342 , -0.00038044]), 0.0014390868966569492, 0.0045307591979976362]
[42, array([ 0.0003342 , -0.00038044]), 0.0014390868966569492, 0.0037881077091577176]
[43, array([-0.00015058, -0.00011939]), 0.00054450873562261748, 0.0026391809981922698]
[44, array([-0.00015058, -0.00011939]), 0.00054450873562261748, 0.0020819773789860995]
[45, array([ -1.38830012e-04,   4.51488270e-05]), 0.00041348095060955714, 0.0015951420276420158]
[46, array([ -1.38830012e-04,   4.51488270e-05]), 0.00041348095060955714, 0.0012186382168814624]
[47, array([  2.63751083e-05,  -7.60735669e-05]), 0.00022790640028746978, 0.00095614214517860676]
[48, array([  2.63751083e-05,  -7.60735669e-05]), 0.00022790640028746978, 0.0007750214206418526]
[49, array([  2.63751083e-05,  -7.60735669e-05]), 0.00022790640028746978, 0.00060987497738027583]
[50, array([  3.69109238e-05,  -2.79646568e-05]), 0.00013103613402565273, 0.00047314313940622911]
[51, array([  3.69109238e-05,  -2.79646568e-05]), 0.00013103613402565273, 0.000366422503553121]
[52, array([  3.69109238e-05,  -2.79646568e-05]), 0.00013103613402565273, 0.00031420989658021982]
[53, array([  3.33157945e-05,  -1.83256797e-05]), 0.00010758468213056815, 0.00021206261397681557]
[54, array([ -2.81579679e-06,  -2.61017599e-05]), 7.427361987000225e-05, 0.00016661721529791506]
[55, array([ -3.96861744e-06,  -1.22882479e-05]), 3.6528510328981412e-05, 0.00012840979966197708]
[56, array([ -3.96861744e-06,  -1.22882479e-05]), 3.6528510328981412e-05, 8.9548991880317169e-05]
[57, array([ -5.30508324e-07,   2.47767394e-06]), 7.1669315784284038e-06, 6.2634555058860281e-05]
---------------------#3: seed=382---------------------------
[1, array([ 2.01928793,  2.03696557]), 6.7149233573038138, 18.152123284561874]
[2, array([ 2.01928793,  2.03696557]), 6.7149233573038138, 16.669066950606243]
[3, array([ 2.01928793,  2.03696557]), 6.7149233573038138, 15.511880933186948]
[4, array([ 2.01928793,  2.03696557]), 6.7149233573038138, 15.144796427724756]
[5, array([-1.09800496, -0.61975562]), 4.9405156430046802, 13.034936398317521]
[6, array([-1.09800496, -0.61975562]), 4.9405156430046802, 11.825774365107183]
[7, array([-0.17571725,  0.30312593]), 2.6220602763660428, 8.9987903894417443]
[8, array([-0.17571725,  0.30312593]), 2.6220602763660428, 7.5219813397870769]
[9, array([-0.17571725,  0.30312593]), 2.6220602763660428, 6.8549331332740397]
[10, array([-0.08625109, -0.34122128]), 2.5191444790835971, 5.5802968849801218]
[11, array([-0.08625109, -0.34122128]), 2.5191444790835971, 5.0937974620370756]
[12, array([-0.08625109, -0.34122128]), 2.5191444790835971, 4.4667107536064332]
[13, array([-0.17571725, -0.10343767]), 1.4221570902370364, 3.9172698705840232]
[14, array([-0.17571725, -0.10343767]), 1.4221570902370364, 3.4539290863440355]
[15, array([-0.01252747, -0.01320764]), 0.060292971991334543, 3.0571239446545588]
[16, array([-0.01252747, -0.01320764]), 0.060292971991334543, 2.7987862498605125]
[17, array([-0.01252747, -0.01320764]), 0.060292971991334543, 2.3531498494134078]
[18, array([-0.01252747, -0.01320764]), 0.060292971991334543, 1.8808897788118792]
[19, array([-0.01252747, -0.01320764]), 0.060292971991334543, 1.5285521344896811]
[20, array([-0.01252747, -0.01320764]), 0.060292971991334543, 1.1233023239886035]
[21, array([-0.01252747, -0.01320764]), 0.060292971991334543, 0.98036879672352129]
[22, array([-0.01252747, -0.01320764]), 0.060292971991334543, 0.59624481776594729]
[23, array([-0.01252747, -0.01320764]), 0.060292971991334543, 0.40177721678988193]
[24, array([-0.00522033,  0.00103872]), 0.015809021237260357, 0.16671102459160664]
[25, array([-0.00522033,  0.00103872]), 0.015809021237260357, 0.10772402981338294]
[26, array([-0.00445235, -0.000537  ]), 0.013219856848959655, 0.07406713924959929]
[27, array([-0.00136138,  0.00366242]), 0.011457873896848714, 0.052458020045380582]
[28, array([-0.00018022,  0.00168174]), 0.0048600922552748393, 0.036601291501157804]
[29, array([-0.00018022,  0.00168174]), 0.0048600922552748393, 0.028533191695365279]
[30, array([-0.00135826,  0.00049188]), 0.0041414499686500683, 0.016813180352835477]
[31, array([ 0.00065072,  0.00012616]), 0.0018864902059196886, 0.011632245885399951]
[32, array([ 0.00065072,  0.00012616]), 0.0018864902059196886, 0.0097627750653541227]
[33, array([ 0.00065072,  0.00012616]), 0.0018864902059196886, 0.0075793455710816641]
[34, array([ 0.00065072,  0.00012616]), 0.0018864902059196886, 0.0063879933334544782]
[35, array([-0.00011631, -0.00050516]), 0.0014733485446680739, 0.0044124033144597339]
[36, array([ -1.79070713e-05,   1.49456885e-05]), 6.5986408494200788e-05, 0.0038783545533196849]
[37, array([ -1.79070713e-05,   1.49456885e-05]), 6.5986408494200788e-05, 0.0026571383180216124]
[38, array([ -1.79070713e-05,   1.49456885e-05]), 6.5986408494200788e-05, 0.0018608083136538943]
[39, array([ -1.79070713e-05,   1.49456885e-05]), 6.5986408494200788e-05, 0.0014623992030775134]
[40, array([ -1.79070713e-05,   1.49456885e-05]), 6.5986408494200788e-05, 0.0012921555613702117]
[41, array([ -1.79070713e-05,   1.49456885e-05]), 6.5986408494200788e-05, 0.001172362988293063]
[42, array([ -1.79070713e-05,   1.49456885e-05]), 6.5986408494200788e-05, 0.0010914625676766044]
[43, array([ -1.79070713e-05,   1.49456885e-05]), 6.5986408494200788e-05, 0.00088412718996755402]
[44, array([ -1.79070713e-05,   1.49456885e-05]), 6.5986408494200788e-05, 0.00070143577940724451]
[45, array([ -1.79070713e-05,   1.49456885e-05]), 6.5986408494200788e-05, 0.00060959967701306188]
[46, array([ -1.79070713e-05,   1.49456885e-05]), 6.5986408494200788e-05, 0.00052806861819396642]
[47, array([ -1.79070713e-05,   1.49456885e-05]), 6.5986408494200788e-05, 0.00042084398089050625]
[48, array([ -1.79070713e-05,   1.49456885e-05]), 6.5986408494200788e-05, 0.00031639498996645089]
[49, array([  2.60866895e-06,   1.73229921e-05]), 4.9557437126868109e-05, 0.00021303918478112748]
[50, array([  2.60866895e-06,   1.73229921e-05]), 4.9557437126868109e-05, 0.00017702223181492727]
[51, array([ -1.08489716e-06,  -8.38929980e-06]), 2.3928017217844655e-05, 0.00011532572624650683]
[52, array([ -1.08489716e-06,  -8.38929980e-06]), 2.3928017217844655e-05, 7.4315843852712502e-05]
[53, array([ -4.63571071e-06,  -2.26478756e-06]), 1.4593604760637646e-05, 6.3454626400183398e-05]
[54, array([ -4.63571071e-06,  -2.26478756e-06]), 1.4593604760637646e-05, 5.4214447792322319e-05]
[55, array([  1.97906676e-06,  -2.38429732e-06]), 8.7645372421896184e-06, 4.3455513486900796e-05]
---------------------#4: seed=322---------------------------
[1, array([ 2.01928793,  2.03696557]), 6.7149233573038138, 17.953661974483733]
[2, array([ 2.01928793,  2.03696557]), 6.7149233573038138, 16.5395627049705]
[3, array([ 2.01928793,  2.03696557]), 6.7149233573038138, 14.934121952466697]
[4, array([ 2.01928793,  2.03696557]), 6.7149233573038138, 13.971460701029955]
[5, array([ 2.04322892, -0.38132405]), 6.6907921355436528, 13.4489962784276]
[6, array([ 2.14597633, -0.92933185]), 6.2214326492684826, 11.521225640707183]
[7, array([-0.1706933 ,  0.36153448]), 2.8977831430314152, 9.6327761800001959]
[8, array([-0.1706933 ,  0.36153448]), 2.8977831430314152, 8.4685262025304002]
[9, array([-0.1706933 ,  0.36153448]), 2.8977831430314152, 7.2167797348307179]
[10, array([-0.1706933 ,  0.36153448]), 2.8977831430314152, 6.2739838019154108]
[11, array([-0.1706933 ,  0.36153448]), 2.8977831430314152, 5.4933872377269113]
[12, array([-0.1706933 ,  0.36153448]), 2.8977831430314152, 5.0212359944183147]
[13, array([-0.35299312, -0.15925799]), 2.8152297881642956, 4.2650366184342419]
[14, array([-0.35299312, -0.15925799]), 2.8152297881642956, 4.0755693754067321]
[15, array([-0.05306043, -0.14471349]), 0.96884916995522419, 3.5514453513375743]
[16, array([ 0.09353094, -0.1197554 ]), 0.95955045086810786, 3.0515011419666016]
[17, array([ 0.03808949,  0.11568275]), 0.69810919346822375, 2.4657276226953679]
[18, array([ 0.04251774,  0.0434773 ]), 0.26810601795737954, 1.7309612323384662]
[19, array([ 0.04326319, -0.03700095]), 0.2454799292207821, 1.2043982929494317]
[20, array([ 0.04326319, -0.03700095]), 0.2454799292207821, 0.82218106852003747]
[21, array([-0.00823201,  0.02493119]), 0.092519554388904357, 0.58335371547104931]
[22, array([ 0.01775979, -0.00974734]), 0.068197774954651624, 0.43172540453422775]
[23, array([ 0.01775979, -0.00974734]), 0.068197774954651624, 0.31207487201307182]
[24, array([ 0.01775979, -0.00974734]), 0.068197774954651624, 0.26807069494821478]
[25, array([ 0.00558898,  0.0115402 ]), 0.040639950001033487, 0.18994695042929174]
[26, array([ 0.00558898,  0.0115402 ]), 0.040639950001033487, 0.14831139620041922]
[27, array([ 0.00360036, -0.00173552]), 0.011730062922808759, 0.085280229534295149]
[28, array([ 0.00360036, -0.00173552]), 0.011730062922808759, 0.051467017702889792]
[29, array([ 0.00360036, -0.00173552]), 0.011730062922808759, 0.038940696264503936]
[30, array([ 0.00133317,  0.00120436]), 0.0051675375299180537, 0.025968877521132593]
[31, array([ 0.00133317,  0.00120436]), 0.0051675375299180537, 0.021607305959055356]
[32, array([ 0.00133317,  0.00120436]), 0.0051675375299180537, 0.019046703858497958]
[33, array([ 0.00133317,  0.00120436]), 0.0051675375299180537, 0.015145416999982775]
[34, array([ 0.00022566,  0.00124096]), 0.0036098866303224675, 0.013584575891566697]
[35, array([ 0.00022566,  0.00124096]), 0.0036098866303224675, 0.01009217213729725]
[36, array([ 0.00022566,  0.00124096]), 0.0036098866303224675, 0.0090260489864880892]
[37, array([-0.00048322, -0.00027423]), 0.0015797295209840634, 0.006627634321880382]
[38, array([-0.00021861, -0.00021442]), 0.00086860658583676198, 0.0044711560440879872]
[39, array([ 0.00021847,  0.00011554]), 0.00070063452635382717, 0.004094414940792301]
[40, array([ 0.00021847,  0.00011554]), 0.00070063452635382717, 0.0033804060208217912]
[41, array([  6.66975131e-06,   1.48837435e-04]), 0.00042198938893678317, 0.0022979306896673711]
[42, array([  6.66975131e-06,   1.48837435e-04]), 0.00042198938893678317, 0.0016836703498703364]
[43, array([  6.66975131e-06,   1.48837435e-04]), 0.00042198938893678317, 0.001199410704232573]
[44, array([  1.43645359e-06,  -8.34765681e-05]), 0.00023632795420214237, 0.00097609425957072564]
[45, array([ -4.28364092e-05,  -5.83267813e-05]), 0.00020482401656396476, 0.0007792237138143143]
[46, array([ -5.72659185e-05,  -6.49425529e-09]), 0.00016205980280803445, 0.00061223210885961164]
[47, array([ -4.74434222e-05,   9.80106112e-06]), 0.00013708626272235236, 0.00043614508931044682]
[48, array([ -4.74434222e-05,   9.80106112e-06]), 0.00013708626272235236, 0.00034301151103770521]
[49, array([ -1.62538800e-05,  -2.70870922e-05]), 8.9375290461379819e-05, 0.00027233905610808408]
[50, array([ -1.00641550e-05,  -1.45694023e-05]), 5.009265431654697e-05, 0.00021198971214291261]
[51, array([ -1.00641550e-05,  -1.45694023e-05]), 5.009265431654697e-05, 0.00016590905523292677]
[52, array([ -1.00641550e-05,  -1.45694023e-05]), 5.009265431654697e-05, 0.00014409897898675083]
[53, array([ -9.53752400e-06,   8.28914887e-06]), 3.5744912530777384e-05, 0.00012091464157526488]
[54, array([ -1.09760255e-06,   1.02143004e-05]), 2.9059536168052347e-05, 0.00010139542132323598]
[55, array([ -3.15023311e-06,   2.86362784e-06]), 1.2041855658839751e-05, 7.9208485502579862e-05]
[56, array([ -3.15023311e-06,   2.86362784e-06]), 1.2041855658839751e-05, 6.3676542018686883e-05]
[57, array([ -7.97718881e-07,   3.80326634e-06]), 1.099174062035857e-05, 5.1499114974706828e-05]
[58, array([ -7.97718881e-07,   3.80326634e-06]), 1.099174062035857e-05, 4.5043789535892389e-05]
[59, array([ -1.68962794e-06,  -3.24963139e-06]), 1.0359873332976832e-05, 3.6864947702763831e-05]
[60, array([ -1.68962794e-06,  -3.24963139e-06]), 1.0359873332976832e-05, 2.7028196893841284e-05]
[61, array([  1.58554811e-06,   1.71818349e-07]), 4.5109296142875621e-06, 2.1527751320693511e-05]
---------------------#5: seed=988---------------------------
[1, array([ 2.01928793,  2.03696557]), 6.7149233573038138, 17.567087946358303]
[2, array([-0.65845456,  0.98887617]), 4.5568923042412166, 15.788057211050353]
[3, array([-0.65845456,  0.98887617]), 4.5568923042412166, 14.45487397127965]
[4, array([ 0.74290057, -0.20022204]), 3.6396873771518767, 12.297376349607422]
[5, array([-0.07927322, -0.10068463]), 0.75533134729247609, 10.99372877246031]
[6, array([-0.07927322, -0.10068463]), 0.75533134729247609, 8.733407975013062]
[7, array([-0.07927322, -0.10068463]), 0.75533134729247609, 7.4793772614937879]
[8, array([-0.07927322, -0.10068463]), 0.75533134729247609, 5.9106992352963967]
[9, array([-0.07927322, -0.10068463]), 0.75533134729247609, 4.4171772285634381]
[10, array([-0.07927322, -0.10068463]), 0.75533134729247609, 3.6736403580256485]
[11, array([-0.07927322, -0.10068463]), 0.75533134729247609, 3.2219911279432516]
[12, array([-0.07927322, -0.10068463]), 0.75533134729247609, 3.0105118593759927]
[13, array([ 0.02534753, -0.07057731]), 0.35565526292840888, 2.4966284525399844]
[14, array([ 0.02534753, -0.07057731]), 0.35565526292840888, 2.1728187932558014]
[15, array([ 0.02534753, -0.07057731]), 0.35565526292840888, 1.9572604819439721]
[16, array([ 0.02534753, -0.07057731]), 0.35565526292840888, 1.5108118457248259]
[17, array([ 0.00465212,  0.02775096]), 0.1005355552806475, 1.1938856198054397]
[18, array([ 0.00393116, -0.02702589]), 0.096986062263198836, 0.90844120832743869]
[19, array([ 0.00393116, -0.02702589]), 0.096986062263198836, 0.67823658963379485]
[20, array([ 0.00393116, -0.02702589]), 0.096986062263198836, 0.54108837556465039]
[21, array([ 0.01872976, -0.00578838]), 0.065651090711579929, 0.32766058194708575]
[22, array([-0.01225009,  0.00667405]), 0.044632036251407659, 0.22091819487307082]
[23, array([-0.01225009,  0.00667405]), 0.044632036251407659, 0.16841307467890027]
[24, array([ 0.00823316, -0.00737904]), 0.034523372793490825, 0.12147203837373857]
[25, array([ 0.00823316, -0.00737904]), 0.034523372793490825, 0.10609554448013965]
[26, array([ 0.00066142, -0.00737904]), 0.022415667323198551, 0.081341341079027615]
[27, array([-0.00489355,  0.00484533]), 0.020740424593431062, 0.064981257806596471]
[28, array([-0.00489355,  0.00484533]), 0.020740424593431062, 0.057411854640677884]
[29, array([-0.00550235,  0.00083936]), 0.016567778338103967, 0.047938118797259663]
[30, array([-0.00236912,  0.00132724]), 0.0078771284867404923, 0.036781010671370407]
[31, array([-0.00236912,  0.00132724]), 0.0078771284867404923, 0.029410275868402724]
[32, array([-0.00236912,  0.00132724]), 0.0078771284867404923, 0.023779958481428755]
[33, array([ 0.00106883, -0.001655  ]), 0.0056757268184779441, 0.016889416774509679]
[34, array([ 0.00106883, -0.001655  ]), 0.0056757268184779441, 0.012907043134394858]
[35, array([-0.00112498,  0.00105136]), 0.0044183047284218624, 0.011480321020361206]
[36, array([-0.00112498,  0.00105136]), 0.0044183047284218624, 0.009962426580558504]
[37, array([ 0.00042571,  0.00022445]), 0.0013673555891142719, 0.0076647681180932459]
[38, array([-0.00045575, -0.00013431]), 0.0013498732162813276, 0.0057486188839154014]
[39, array([-0.00045575, -0.00013431]), 0.0013498732162813276, 0.0042961598487122107]
[40, array([-0.00045575, -0.00013431]), 0.0013498732162813276, 0.0034089522291229635]
[41, array([ -3.16660540e-05,   2.93224799e-04]), 0.00083650336238649814, 0.0029124111194481551]
[42, array([ -3.16660540e-05,   2.93224799e-04]), 0.00083650336238649814, 0.0025032743447938265]
[43, array([ -8.07010894e-05,   1.95701028e-04]), 0.00059993566079485916, 0.0018008493100777124]
[44, array([ -6.61852340e-05,   1.16194976e-04]), 0.00037870104283088679, 0.0015517449240836534]
[45, array([ -6.61852340e-05,   1.16194976e-04]), 0.00037870104283088679, 0.0011223522642686667]
[46, array([ -6.61852340e-05,   1.16194976e-04]), 0.00037870104283088679, 0.00098999830153934099]
[47, array([ -1.73343636e-05,   9.72296610e-05]), 0.00027960306728092021, 0.00074088666237832608]
[48, array([ -2.60651545e-05,   4.78798093e-05]), 0.00015427040474635945, 0.00065594079240858247]
[49, array([  1.69478660e-05,  -2.55562822e-06]), 4.8485561276567779e-05, 0.00050811405674116021]
[50, array([  1.69478660e-05,  -2.55562822e-06]), 4.8485561276567779e-05, 0.00039014377305308657]
[51, array([  1.69478660e-05,  -2.55562822e-06]), 4.8485561276567779e-05, 0.00034147935472992328]
[52, array([  1.69478660e-05,  -2.55562822e-06]), 4.8485561276567779e-05, 0.00024639707578328897]
[53, array([  1.69478660e-05,  -2.55562822e-06]), 4.8485561276567779e-05, 0.0001965864022730024]
[54, array([  1.28509499e-05,   3.54582847e-07]), 3.636620983771266e-05, 0.00016284327329918469]
[55, array([  1.28509499e-05,   3.54582847e-07]), 3.636620983771266e-05, 0.00013705509971631002]
[56, array([  1.28509499e-05,   3.54582847e-07]), 3.636620983771266e-05, 0.00011545364370784128]
[57, array([  8.22174209e-06,   6.90005353e-06]), 3.0361958643698728e-05, 9.9758109642866796e-05]
[58, array([  8.22174209e-06,   6.90005353e-06]), 3.0361958643698728e-05, 7.01996915432268e-05]
[59, array([  7.23499020e-06,  -6.25977571e-06]), 2.7062352313311777e-05, 6.2570202261991165e-05]
[60, array([ -5.04985673e-06,   5.00863708e-07]), 1.4353920186227498e-05, 4.6335019415355563e-05]
[61, array([ -5.04985673e-06,   5.00863708e-07]), 1.4353920186227498e-05, 3.8391288824524138e-05]
[62, array([  1.88373723e-06,   4.05835419e-06]), 1.2655557260377037e-05, 2.6054751719062352e-05]
[63, array([  4.23116361e-07,   5.62328999e-08]), 1.2072814361552275e-06, 1.8508975164710507e-05]
---------------------#6: seed=98---------------------------
[1, array([ 2.01928793,  2.03696557]), 6.7149233573038138, 18.011938120437677]
[2, array([-0.29275364,  0.47495807]), 3.7012600379129386, 16.163800229563421]
[3, array([-0.29275364,  0.47495807]), 3.7012600379129386, 14.533372167397497]
[4, array([-0.29275364,  0.47495807]), 3.7012600379129386, 12.763085490847356]
[5, array([-0.29275364,  0.47495807]), 3.7012600379129386, 11.997444882847024]
[6, array([-0.29275364,  0.47495807]), 3.7012600379129386, 10.447225675601189]
[7, array([-0.29275364,  0.47495807]), 3.7012600379129386, 8.6526838444364209]
[8, array([-0.02605401,  0.79901363]), 2.9505518854999555, 7.6040913145195974]
[9, array([-0.02605401,  0.79901363]), 2.9505518854999555, 6.6132332887063239]
[10, array([-0.297254  ,  0.12907725]), 2.3951172285818925, 5.6084142317387586]
[11, array([-0.297254  ,  0.12907725]), 2.3951172285818925, 5.0802006624991218]
[12, array([ 0.11306221,  0.10789862]), 0.9989792233643624, 4.3200705159003041]
[13, array([ 0.11306221,  0.10789862]), 0.9989792233643624, 3.9791126357006723]
[14, array([ 0.11306221,  0.10789862]), 0.9989792233643624, 3.7363377609304855]
[15, array([ 0.11306221,  0.10789862]), 0.9989792233643624, 3.4229503510936823]
[16, array([ 0.11306221,  0.10789862]), 0.9989792233643624, 3.2556045585020832]
[17, array([-0.02928923,  0.06214819]), 0.31580318627262871, 2.7901880093603704]
[18, array([-0.02928923,  0.06214819]), 0.31580318627262871, 2.42541784329031]
[19, array([ 0.06137099,  0.00700843]), 0.27321103577846317, 1.9681518464355219]
[20, array([-0.05513483,  0.0117031 ]), 0.24190300083879679, 1.3883172187976387]
[21, array([-0.05513483,  0.0117031 ]), 0.24190300083879679, 0.93343667332817915]
[22, array([ 0.0009473 ,  0.01581859]), 0.051495129721211175, 0.60441726627352987]
[23, array([ 0.01262124,  0.00276054]), 0.040980977640871163, 0.38178800744149316]
[24, array([-0.00639795, -0.00253127]), 0.020721135254458733, 0.28651035288304361]
[25, array([ 0.0009473 ,  0.00242449]), 0.0075427728998538335, 0.17462989019299674]
[26, array([ 0.0009473 ,  0.00242449]), 0.0075427728998538335, 0.13766133347304849]
[27, array([ 0.0009473 ,  0.00242449]), 0.0075427728998538335, 0.091094632001271506]
[28, array([ 0.0009473 ,  0.00242449]), 0.0075427728998538335, 0.064321938989794797]
[29, array([ 0.00087964,  0.00014808]), 0.0025442022356334526, 0.04855233738925966]
[30, array([ 0.00087964,  0.00014808]), 0.0025442022356334526, 0.030345560751034117]
[31, array([-0.00061107,  0.00013235]), 0.0017788452052269754, 0.021129569118948855]
[32, array([-0.00061107,  0.00013235]), 0.0017788452052269754, 0.01209100244277268]
[33, array([-0.00061107,  0.00013235]), 0.0017788452052269754, 0.0084968339783961788]
[34, array([-0.00061107,  0.00013235]), 0.0017788452052269754, 0.0061656886192479558]
[35, array([  9.72066859e-05,   1.20435809e-04]), 0.00043839508123300064, 0.0047510199119071396]
[36, array([  9.72066859e-05,   1.20435809e-04]), 0.00043839508123300064, 0.0041983632322133424]
[37, array([  9.72066859e-05,   1.20435809e-04]), 0.00043839508123300064, 0.0038985769348870215]
[38, array([  9.72066859e-05,   1.20435809e-04]), 0.00043839508123300064, 0.0032224286604651377]
[39, array([  9.72066859e-05,   1.20435809e-04]), 0.00043839508123300064, 0.0026917851876443245]
[40, array([  9.72066859e-05,   1.20435809e-04]), 0.00043839508123300064, 0.002030370370047674]
[41, array([  9.72066859e-05,   1.20435809e-04]), 0.00043839508123300064, 0.0017200280007476643]
[42, array([  9.72066859e-05,   1.20435809e-04]), 0.00043839508123300064, 0.0014692931954873422]
[43, array([ -3.60441515e-05,  -1.22324340e-04]), 0.00036112598538595719, 0.0012113798264887343]
[44, array([ -3.60441515e-05,  -1.22324340e-04]), 0.00036112598538595719, 0.00095161364046107981]
[45, array([ -1.27379153e-05,   9.82100697e-05]), 0.00028036788342022945, 0.00082015632420278099]
[46, array([ -1.56822513e-05,   3.64717128e-06]), 4.5546763584258798e-05, 0.00058111554826867362]
[47, array([ -1.56822513e-05,   3.64717128e-06]), 4.5546763584258798e-05, 0.00045694297138050289]
[48, array([ -1.56822513e-05,   3.64717128e-06]), 4.5546763584258798e-05, 0.00032496519239613166]
[49, array([ -1.56822513e-05,   3.64717128e-06]), 4.5546763584258798e-05, 0.00025262324405206371]
[50, array([  4.50367372e-06,  -1.00336489e-06]), 1.3051181618539687e-05, 0.00018761456438332047]
[51, array([  4.50367372e-06,  -1.00336489e-06]), 1.3051181618539687e-05, 0.00016409178019936022]
[52, array([  4.50367372e-06,  -1.00336489e-06]), 1.3051181618539687e-05, 0.00012298460143798096]
[53, array([  4.50367372e-06,  -1.00336489e-06]), 1.3051181618539687e-05, 0.00011404031599964171]
[54, array([  4.50367372e-06,  -1.00336489e-06]), 1.3051181618539687e-05, 8.3192976188417589e-05]
[55, array([  4.50367372e-06,  -1.00336489e-06]), 1.3051181618539687e-05, 6.2393502254298736e-05]
[56, array([  4.50367372e-06,  -1.00336489e-06]), 1.3051181618539687e-05, 4.0391668513972688e-05]
[57, array([  1.89860294e-06,  -2.64800849e-06]), 9.2162002727214087e-06, 3.6215450868670732e-05]
---------------------#7: seed=742---------------------------
[1, array([ 2.01928793,  2.03696557]), 6.7149233573038138, 17.446967890545412]
[2, array([ 2.01928793,  2.03696557]), 6.7149233573038138, 15.839874286395411]
[3, array([ 2.01928793,  2.03696557]), 6.7149233573038138, 14.598413295838284]
[4, array([ 2.01928793,  2.03696557]), 6.7149233573038138, 13.727423935711968]
[5, array([ 2.01928793,  2.03696557]), 6.7149233573038138, 12.797716456162702]
[6, array([ 2.01928793,  2.03696557]), 6.7149233573038138, 11.208084864348182]
[7, array([ 2.0656882 ,  0.05644523]), 5.2598593072873179, 9.9073656644174299]
[8, array([ 0.0486367 ,  0.20800542]), 1.4780876373419685, 8.6102914418684264]
[9, array([ 0.0486367 ,  0.20800542]), 1.4780876373419685, 7.9551124585012349]
[10, array([ 0.0486367 ,  0.20800542]), 1.4780876373419685, 7.617178076778254]
[11, array([ 0.0486367 ,  0.20800542]), 1.4780876373419685, 6.4668223524130655]
[12, array([ 0.0486367 ,  0.20800542]), 1.4780876373419685, 5.5388138872334753]
[13, array([ 0.0486367 ,  0.20800542]), 1.4780876373419685, 5.1046835593549087]
[14, array([ 0.0486367 ,  0.20800542]), 1.4780876373419685, 4.4325727118160918]
[15, array([ 0.0486367 ,  0.20800542]), 1.4780876373419685, 3.9322444628832449]
[16, array([ 0.0486367 ,  0.20800542]), 1.4780876373419685, 3.476717520238914]
[17, array([ 0.0486367 ,  0.20800542]), 1.4780876373419685, 3.3172928612419339]
[18, array([ 0.0486367 ,  0.20800542]), 1.4780876373419685, 3.0174241912274637]
[19, array([-0.07104065, -0.00972398]), 0.33415018154778808, 2.4084209605981419]
[20, array([-0.07104065, -0.00972398]), 0.33415018154778808, 1.9586051821497326]
[21, array([-0.07104065, -0.00972398]), 0.33415018154778808, 1.727015966098723]
[22, array([-0.07104065, -0.00972398]), 0.33415018154778808, 1.3007522636900575]
[23, array([-0.02906225,  0.00093307]), 0.10460015943037648, 0.88996090554977703]
[24, array([ 0.00435818,  0.01921302]), 0.066026696492603509, 0.55957294131495472]
[25, array([-0.01259999,  0.01445308]), 0.063999040517974226, 0.43246132326331138]
[26, array([-0.01259999,  0.01445308]), 0.063999040517974226, 0.34282013356474311]
[27, array([-0.00238565, -0.01126255]), 0.036087605145639134, 0.26638338201825934]
[28, array([-0.00527688,  0.00067554]), 0.01580054125428676, 0.20975090491461357]
[29, array([-0.00527688,  0.00067554]), 0.01580054125428676, 0.14443560435603234]
[30, array([ -2.53915590e-03,   4.87604993e-05]), 0.0073548772054121692, 0.074362708865103239]
[31, array([ -2.53915590e-03,   4.87604993e-05]), 0.0073548772054121692, 0.060243620840220037]
[32, array([ -2.53915590e-03,   4.87604993e-05]), 0.0073548772054121692, 0.047412608171618673]
[33, array([ -2.53915590e-03,   4.87604993e-05]), 0.0073548772054121692, 0.034389696605576517]
[34, array([ -2.53915590e-03,   4.87604993e-05]), 0.0073548772054121692, 0.024535275623020693]
[35, array([ -2.53915590e-03,   4.87604993e-05]), 0.0073548772054121692, 0.018782890825268784]
[36, array([-0.00187546, -0.00075979]), 0.0058324214659362106, 0.014891582097363187]
[37, array([-0.00187546, -0.00075979]), 0.0058324214659362106, 0.013647370428603534]
[38, array([-0.00187546, -0.00075979]), 0.0058324214659362106, 0.010028183915413269]
[39, array([-0.00029162, -0.00095091]), 0.0028395488048045259, 0.007426996419714893]
[40, array([ -2.79668137e-04,  -8.95583141e-05]), 0.00083288624599875405, 0.0059610898694338662]
[41, array([ 0.00015699, -0.00011804]), 0.00055656140793702846, 0.0039217949482964979]
[42, array([ 0.00015699, -0.00011804]), 0.00055656140793702846, 0.0034112815180383114]
[43, array([ -4.10742505e-05,   5.53021641e-05]), 0.00019496831753729182, 0.0021563385577130665]
[44, array([ -4.10742505e-05,   5.53021641e-05]), 0.00019496831753729182, 0.0018262298970987522]
[45, array([ -4.10742505e-05,   5.53021641e-05]), 0.00019496831753729182, 0.0014329979779064139]
[46, array([ -4.10742505e-05,   5.53021641e-05]), 0.00019496831753729182, 0.00099551137092346309]
[47, array([ -4.10742505e-05,   5.53021641e-05]), 0.00019496831753729182, 0.00066344341863908694]
[48, array([  2.31850508e-05,   3.99295276e-05]), 0.00013065274944823457, 0.00049832218524885623]
[49, array([  1.54726024e-05,  -1.29361331e-05]), 5.70543207492058e-05, 0.0003278195616606361]
[50, array([  8.79437384e-06,   2.11536303e-06]), 2.5585887815982034e-05, 0.00021897918211353229]
[51, array([  8.79437384e-06,   2.11536303e-06]), 2.5585887815982034e-05, 0.00016778409116176008]
[52, array([  8.79437384e-06,   2.11536303e-06]), 2.5585887815982034e-05, 0.00013166727207662986]
[53, array([  8.79437384e-06,   2.11536303e-06]), 2.5585887815982034e-05, 0.00010562118324193292]
[54, array([  8.79437384e-06,   2.11536303e-06]), 2.5585887815982034e-05, 8.4758338633772462e-05]
[55, array([  8.79437384e-06,   2.11536303e-06]), 2.5585887815982034e-05, 6.6736761588881416e-05]
[56, array([ -6.58867493e-06,   2.75105449e-06]), 2.0196196054644844e-05, 5.1933488866939828e-05]
[57, array([ -6.58867493e-06,   2.75105449e-06]), 2.0196196054644844e-05, 4.1880453738141202e-05]
[58, array([ -3.89356767e-06,  -7.01476856e-07]), 1.119039049912729e-05, 3.6437828153257359e-05]
[59, array([ -2.18408080e-07,  -3.51942818e-06]), 9.9739269754373083e-06, 3.0356775997208984e-05]
---------------------#8: seed=17---------------------------
[1, array([-1.98007601,  0.02935408]), 4.9186483286258351, 17.179100995489776]
[2, array([-1.98007601,  0.02935408]), 4.9186483286258351, 16.113631343765547]
[3, array([-1.98007601,  0.02935408]), 4.9186483286258351, 14.672192610047247]
[4, array([-1.98007601,  0.02935408]), 4.9186483286258351, 12.696886979580778]
[5, array([-1.98007601,  0.02935408]), 4.9186483286258351, 10.939836413355247]
[6, array([-1.05585075,  0.37033188]), 4.5105092446180279, 9.0397735463822873]
[7, array([ 0.44004614,  0.67106523]), 4.3688154157485535, 7.903813324765343]
[8, array([-0.37842984,  0.66555005]), 4.2295373408905803, 7.1591198356641055]
[9, array([ 0.78435987, -0.15584193]), 3.3859156367079071, 6.1485156018262135]
[10, array([-0.06683218, -0.98134481]), 2.7217253295302766, 5.0974723400647957]
[11, array([-0.06683218, -0.98134481]), 2.7217253295302766, 4.8363049269172684]
[12, array([-0.2079151 , -0.20847953]), 2.2375030049469555, 4.0909770235300043]
[13, array([-0.2079151 , -0.20847953]), 2.2375030049469555, 3.7293341976800773]
[14, array([-0.04235533,  0.04588024]), 0.27780229694082381, 3.3391536167213403]
[15, array([ 0.00923493, -0.02782208]), 0.10564736321731205, 2.8166325638879393]
[16, array([ 0.00923493, -0.02782208]), 0.10564736321731205, 2.4707635857011057]
[17, array([ 0.00923493, -0.02782208]), 0.10564736321731205, 1.9498918929700111]
[18, array([ 0.00923493, -0.02782208]), 0.10564736321731205, 1.4374719327787384]
[19, array([ 0.00923493, -0.02782208]), 0.10564736321731205, 0.79304084797076124]
[20, array([ 0.00923493, -0.02782208]), 0.10564736321731205, 0.71569647965403471]
[21, array([ 0.00923493, -0.02782208]), 0.10564736321731205, 0.52945695830987849]
[22, array([-0.0203172 ,  0.00888496]), 0.075767036843693791, 0.32892676399341703]
[23, array([-0.0203172 ,  0.00888496]), 0.075767036843693791, 0.25653773616665465]
[24, array([-0.0203172 ,  0.00888496]), 0.075767036843693791, 0.19103563568220377]
[25, array([-0.0203172 ,  0.00888496]), 0.075767036843693791, 0.17837791602450848]
[26, array([-0.0203172 ,  0.00888496]), 0.075767036843693791, 0.15152828707727925]
[27, array([-0.00280651, -0.00013204]), 0.0081569670015011475, 0.12772729759570067]
[28, array([-0.00280651, -0.00013204]), 0.0081569670015011475, 0.10402990600258226]
[29, array([-0.00280651, -0.00013204]), 0.0081569670015011475, 0.069006666373875175]
[30, array([-0.00280651, -0.00013204]), 0.0081569670015011475, 0.055268500175978105]
[31, array([-0.00280651, -0.00013204]), 0.0081569670015011475, 0.041631721131261214]
[32, array([ 0.00197069,  0.00073044]), 0.0060621369942777115, 0.028954559017666793]
[33, array([ 0.00197069,  0.00073044]), 0.0060621369942777115, 0.026554794463068011]
[34, array([ 0.00163509,  0.00037249]), 0.0048181025475320105, 0.019099051485535323]
[35, array([ 0.00124567,  0.00045338]), 0.0037961849077388088, 0.016737521815602906]
[36, array([ 0.00047266, -0.00110215]), 0.003430223680056077, 0.01348417488239333]
[37, array([ 0.00047266, -0.00110215]), 0.003430223680056077, 0.0077119655021680167]
[38, array([ -8.71659288e-05,   3.68447369e-04]), 0.0010747097813532669, 0.0061745100364270829]
[39, array([ -8.71659288e-05,   3.68447369e-04]), 0.0010747097813532669, 0.0047001300475616684]
[40, array([ 0.00019705,  0.00022614]), 0.00085077167868208292, 0.0030680819745529499]
[41, array([ 0.00019705,  0.00022614]), 0.00085077167868208292, 0.0022621959640628298]
[42, array([ 0.00019705,  0.00022614]), 0.00085077167868208292, 0.0019065962782389256]
[43, array([  5.93077921e-05,   9.86877221e-06]), 0.00017015052708346801, 0.0016372584262504652]
[44, array([  5.93077921e-05,   9.86877221e-06]), 0.00017015052708346801, 0.0013113869538451616]
[45, array([  5.93077921e-05,   9.86877221e-06]), 0.00017015052708346801, 0.0010137348555443459]
[46, array([  5.93077921e-05,   9.86877221e-06]), 0.00017015052708346801, 0.00076678625017487787]
[47, array([  5.93077921e-05,   9.86877221e-06]), 0.00017015052708346801, 0.00063133773181158761]
[48, array([  5.93077921e-05,   9.86877221e-06]), 0.00017015052708346801, 0.00048464581849154696]
[49, array([ -7.08946069e-06,  -4.71770041e-05]), 0.00013499555662521701, 0.00036178165955247366]
[50, array([ -7.08946069e-06,  -4.71770041e-05]), 0.00013499555662521701, 0.00032055459396351793]
[51, array([ -1.43718495e-06,  -2.79677239e-05]), 7.9229927447688198e-05, 0.00028019950597224508]
[52, array([ -1.31433284e-06,   5.74645955e-06]), 1.6674081749545877e-05, 0.00020685134616025281]
[53, array([ -1.31433284e-06,   5.74645955e-06]), 1.6674081749545877e-05, 0.00016329945992064055]
[54, array([  2.22862720e-06,  -1.32766159e-06]), 7.3374617923782637e-06, 0.00011769252679298959]
---------------------#9: seed=595---------------------------
[1, array([ 2.01928793,  2.03696557]), 6.7149233573038138, 18.302654538720603]
[2, array([ 2.01928793,  2.03696557]), 6.7149233573038138, 18.089185358603494]
[3, array([ 2.01928793,  2.03696557]), 6.7149233573038138, 17.871470482128284]
[4, array([ 2.01928793,  2.03696557]), 6.7149233573038138, 17.113554418412789]
[5, array([ 2.01928793,  2.03696557]), 6.7149233573038138, 16.026477441751776]
[6, array([ 2.01928793,  2.03696557]), 6.7149233573038138, 14.817574371892302]
[7, array([ 2.01928793,  2.03696557]), 6.7149233573038138, 14.25220163883464]
[8, array([-0.63210258, -1.72893621]), 6.6344114367946894, 12.589204992722092]
[9, array([ 0.07709883,  1.19068879]), 3.9563874028606496, 10.433093360199328]
[10, array([ 0.07709883,  1.19068879]), 3.9563874028606496, 9.6006062019358325]
[11, array([ 0.07709883,  1.19068879]), 3.9563874028606496, 7.9210820840021139]
[12, array([-0.13755634, -0.77320049]), 3.3329722748161719, 6.4352222826893781]
[13, array([-0.13755634, -0.77320049]), 3.3329722748161719, 6.1649760930899795]
[14, array([-0.13755634, -0.77320049]), 3.3329722748161719, 5.6087671889069384]
[15, array([-0.13755634, -0.77320049]), 3.3329722748161719, 4.9107757543786068]
[16, array([ 0.06166284,  0.70621733]), 3.2391640064657214, 4.3154210867502396]
[17, array([ 0.30148224, -0.17976859]), 2.6307143454299866, 3.97261999130383]
[18, array([-0.00992864, -0.97395771]), 2.5943119768801677, 3.5835510821539271]
[19, array([-0.09266929,  0.15971933]), 1.2475167241939897, 3.1681689910261852]
[20, array([ 0.04512314, -0.02042484]), 0.2042596066587703, 2.8554549257315571]
[21, array([ 0.04512314, -0.02042484]), 0.2042596066587703, 2.659687542244066]
[22, array([ 0.04512314, -0.02042484]), 0.2042596066587703, 2.585543877995589]
[23, array([ 0.04512314, -0.02042484]), 0.2042596066587703, 2.3488473745888756]
[24, array([ 0.04512314, -0.02042484]), 0.2042596066587703, 1.8668499952493096]
[25, array([ 0.04512314, -0.02042484]), 0.2042596066587703, 1.4280351956582424]
[26, array([ 0.04512314, -0.02042484]), 0.2042596066587703, 1.1206083037442949]
[27, array([ 0.04512314, -0.02042484]), 0.2042596066587703, 0.98500330334175534]
[28, array([ 0.04512314, -0.02042484]), 0.2042596066587703, 0.83296043339769421]
[29, array([ 0.04128452, -0.01344319]), 0.17228209189346488, 0.67501589632091075]
[30, array([ 0.04128452, -0.01344319]), 0.17228209189346488, 0.56112447987960601]
[31, array([-0.01169104, -0.02138949]), 0.084701634687473604, 0.40244978001963699]
[32, array([-0.01144402,  0.01302495]), 0.057028908741739048, 0.31125325893780431]
[33, array([-0.00063478,  0.0118478 ]), 0.03730291971338362, 0.17804322121302815]
[34, array([-0.00063478,  0.0118478 ]), 0.03730291971338362, 0.11236419965511227]
[35, array([-0.00097657,  0.00053797]), 0.0031866372804931764, 0.081336241625530464]
[36, array([-0.00097657,  0.00053797]), 0.0031866372804931764, 0.061271590027492009]
[37, array([-0.00097657,  0.00053797]), 0.0031866372804931764, 0.04838566691945969]
[38, array([-0.00097657,  0.00053797]), 0.0031866372804931764, 0.044752138588185185]
[39, array([-0.00097657,  0.00053797]), 0.0031866372804931764, 0.035632559353022494]
[40, array([ 0.00048178,  0.00017701]), 0.0014587575801603414, 0.026029951317697541]
[41, array([ 0.00048178,  0.00017701]), 0.0014587575801603414, 0.017645484718799322]
[42, array([ 0.00048178,  0.00017701]), 0.0014587575801603414, 0.015448645874438949]
[43, array([-0.00028707,  0.00011681]), 0.00087915381935887993, 0.0084907984676283917]
[44, array([-0.00028707,  0.00011681]), 0.00087915381935887993, 0.0062874815902110191]
[45, array([-0.00028707,  0.00011681]), 0.00087915381935887993, 0.0039284278141892949]
[46, array([-0.00028707,  0.00011681]), 0.00087915381935887993, 0.0026763475229508948]
[47, array([ -3.28318868e-05,   1.49938175e-04]), 0.00043476455428903549, 0.0019590292461763247]
[48, array([  7.88178807e-05,  -5.27144382e-05]), 0.00026843442577062504, 0.0017389690378450061]
[49, array([  7.88178807e-05,  -5.27144382e-05]), 0.00026843442577062504, 0.0012580655004843955]
[50, array([ -4.82998898e-05,  -6.92778719e-05]), 0.0002390589716942948, 0.00089920971143593316]
[51, array([ -4.82998898e-05,  -6.92778719e-05]), 0.0002390589716942948, 0.00079506439018421919]
[52, array([ -4.82998898e-05,  -6.92778719e-05]), 0.0002390589716942948, 0.00068432247152392376]
[53, array([  4.81248215e-06,  -3.16227196e-05]), 9.049962207230422e-05, 0.00055314466041833654]
[54, array([  4.81248215e-06,  -3.16227196e-05]), 9.049962207230422e-05, 0.00042747602346571156]
[55, array([  4.81248215e-06,  -3.16227196e-05]), 9.049962207230422e-05, 0.00036898683534145602]
[56, array([  1.40214174e-05,   9.92275016e-06]), 4.8592720290674407e-05, 0.00027797315537432256]
[57, array([  1.40214174e-05,   9.92275016e-06]), 4.8592720290674407e-05, 0.00022418456716950531]
[58, array([  3.10756605e-06,   4.90720204e-06]), 1.6429555927732764e-05, 0.00019289649591209824]
[59, array([  3.10756605e-06,   4.90720204e-06]), 1.6429555927732764e-05, 0.00015154088641535778]
[60, array([  3.10756605e-06,   4.90720204e-06]), 1.6429555927732764e-05, 0.00011500484366839814]
[61, array([  3.10756605e-06,   4.90720204e-06]), 1.6429555927732764e-05, 8.2716165609664219e-05]
[62, array([  3.10756605e-06,   4.90720204e-06]), 1.6429555927732764e-05, 5.0321566325184361e-05]
[63, array([  1.70853334e-06,  -1.42284084e-06]), 6.2888912641945183e-06, 3.9302811922414803e-05]
---------------------#10: seed=106---------------------------
[1, array([ 2.01928793,  2.03696557]), 6.7149233573038138, 17.414201022910515]
[2, array([ 2.01928793,  2.03696557]), 6.7149233573038138, 16.022029143848222]
[3, array([ 2.01928793,  2.03696557]), 6.7149233573038138, 13.88299602639286]
[4, array([ 1.28598986,  0.43746078]), 5.6505437530951674, 12.219746066382211]
[5, array([-1.22035831, -0.725074  ]), 5.3412215055193002, 11.051639106381037]
[6, array([-1.93493071,  0.10243892]), 5.1517967236593165, 9.8226697651832584]
[7, array([-0.36514841,  0.72221774]), 4.2226730118098352, 8.7057335932786941]
[8, array([ 0.38397734,  0.05060074]), 2.6768599149036274, 6.9854839002619187]
[9, array([ 0.38397734,  0.05060074]), 2.6768599149036274, 5.5010968353213041]
[10, array([ 0.32906617,  0.10243892]), 2.4942475325828508, 4.796374754670488]
[11, array([ 0.32906617,  0.10243892]), 2.4942475325828508, 4.0694402222678407]
[12, array([-0.04391392,  0.11844718]), 0.73535150793237891, 3.4547521917899688]
[13, array([-0.04391392,  0.11844718]), 0.73535150793237891, 3.1982450090123229]
[14, array([-0.04391392,  0.11844718]), 0.73535150793237891, 2.8085286612298432]
[15, array([ 0.10356304,  0.00572391]), 0.55603440672510063, 2.3814971078183644]
[16, array([ 0.10356304,  0.00572391]), 0.55603440672510063, 2.1357913419524786]
[17, array([ 0.06961065, -0.02527264]), 0.34960937706209139, 1.9154406873456167]
[18, array([ 0.06961065, -0.02527264]), 0.34960937706209139, 1.3482093665204897]
[19, array([-0.03070751, -0.01141082]), 0.12100251116526595, 0.94982310926128655]
[20, array([ 0.02702016, -0.00784626]), 0.10053247283541156, 0.53151505179648306]
[21, array([ 0.02702016, -0.00784626]), 0.10053247283541156, 0.40565246934655319]
[22, array([ 0.02702016, -0.00784626]), 0.10053247283541156, 0.31070417915208992]
[23, array([-0.01663345, -0.01717245]), 0.082782857644908336, 0.23396964476746343]
[24, array([-0.01663345, -0.01717245]), 0.082782857644908336, 0.20580447209913624]
[25, array([ 0.01157688, -0.00105684]), 0.036475110860049842, 0.16023845864545291]
[26, array([-0.00359163,  0.00875331]), 0.02914337910969822, 0.0978483108224176]
[27, array([-0.00588386, -0.00417401]), 0.021789666947395592, 0.073264987282211091]
[28, array([-0.00535409,  0.00460879]), 0.021309931225957701, 0.052414929391946162]
[29, array([ 0.00076286, -0.00142815]), 0.0046493708589747662, 0.039144949673176922]
[30, array([ 0.00076286, -0.00142815]), 0.0046493708589747662, 0.031586438568578769]
[31, array([ 0.00076286, -0.00142815]), 0.0046493708589747662, 0.02690402314612763]
[32, array([  3.76839603e-06,   6.03950753e-04]), 0.0017179771662303445, 0.018329675282642822]
[33, array([  3.76839603e-06,   6.03950753e-04]), 0.0017179771662303445, 0.012945956919448331]
[34, array([ 0.00013356, -0.00047616]), 0.0014052760980516332, 0.011507837527231057]
[35, array([ 0.00013356, -0.00047616]), 0.0014052760980516332, 0.0094101029623842262]
[36, array([ 0.00029867, -0.00036272]), 0.0013348596110174249, 0.0069745825465550304]
[37, array([ 0.00029867, -0.00036272]), 0.0013348596110174249, 0.0049416140651630689]
[38, array([ -1.20263455e-05,  -3.11945937e-04]), 0.00088556686640872684, 0.0035076942584706394]
[39, array([ -1.20263455e-05,  -3.11945937e-04]), 0.00088556686640872684, 0.0029824429967781007]
[40, array([ -1.20263455e-05,  -3.11945937e-04]), 0.00088556686640872684, 0.0025025311027779829]
[41, array([  4.62547291e-05,   2.33266157e-04]), 0.00067412823398926847, 0.0020141992002986166]
[42, array([ -2.06910735e-05,  -3.12217767e-05]), 0.0001059777127285777, 0.001614652313056819]
[43, array([ -2.06910735e-05,  -3.12217767e-05]), 0.0001059777127285777, 0.0013717679004547456]
[44, array([ -2.06910735e-05,  -3.12217767e-05]), 0.0001059777127285777, 0.0011318470383087308]
[45, array([ -2.06910735e-05,  -3.12217767e-05]), 0.0001059777127285777, 0.00092499622853106092]
[46, array([ -2.06910735e-05,  -3.12217767e-05]), 0.0001059777127285777, 0.00062247155764998401]
[47, array([ -2.06910735e-05,  -3.12217767e-05]), 0.0001059777127285777, 0.00050860098538398903]
[48, array([ -2.06910735e-05,  -3.12217767e-05]), 0.0001059777127285777, 0.00037778394595351373]
[49, array([ -2.06910735e-05,  -3.12217767e-05]), 0.0001059777127285777, 0.00030952671477395554]
[50, array([ -3.12688052e-05,   6.36106795e-06]), 9.0280151181065804e-05, 0.00022894828447137528]
[51, array([ -1.56128507e-06,  -1.16707928e-05]), 3.330774751875154e-05, 0.00016094373986250688]
[52, array([ -1.56128507e-06,  -1.16707928e-05]), 3.330774751875154e-05, 0.00013840733882277689]
[53, array([ -2.45404969e-06,  -7.84863824e-06]), 2.3260946346415068e-05, 0.00011518718226382063]
[54, array([ -2.45404969e-06,  -7.84863824e-06]), 2.3260946346415068e-05, 8.8288895595756145e-05]
[55, array([ -2.45404969e-06,  -7.84863824e-06]), 2.3260946346415068e-05, 7.6393455508405597e-05]
[56, array([ -1.58571670e-06,  -5.92726536e-06]), 1.7355419121845017e-05, 6.557902281327799e-05]
[57, array([ -1.58571670e-06,  -5.92726536e-06]), 1.7355419121845017e-05, 5.6577720839623422e-05]
[58, array([ -1.58571670e-06,  -5.92726536e-06]), 1.7355419121845017e-05, 4.0950318720245352e-05]
[59, array([  2.69743486e-06,   5.38542785e-06]), 1.703715998191413e-05, 3.2838824635827993e-05]
[60, array([ -2.54001185e-06,   1.36238780e-06]), 8.152649428883052e-06, 2.3230912196314791e-05]
