[1, array([ 2.01928793,  2.03696557]), 6.7149233573038138, 18.133270363063907]
[2, array([ 2.01928793,  2.03696557]), 6.7149233573038138, 17.416929822734481]
[3, array([ 2.01928793,  2.03696557]), 6.7149233573038138, 17.114791902027928]
[4, array([ 2.01928793,  2.03696557]), 6.7149233573038138, 16.432610616702597]
[5, array([ 2.01928793,  2.03696557]), 6.7149233573038138, 16.028471943433328]
[6, array([ 2.01928793,  2.03696557]), 6.7149233573038138, 15.276284843103031]
[7, array([ 2.01928793,  2.03696557]), 6.7149233573038138, 14.704315759815875]
[8, array([-1.00166417,  0.7963153 ]), 4.1260208047563118, 12.194331445469169]
[9, array([-1.00166417,  0.7963153 ]), 4.1260208047563118, 10.718044077008935]
[10, array([ 0.92698182,  1.06306625]), 3.8517705147568262, 9.0531659296301719]
[11, array([ 0.18662092, -0.74161162]), 3.5860087507514007, 7.7730043850713457]
[12, array([ 0.18662092, -0.74161162]), 3.5860087507514007, 6.7319278129991531]
[13, array([ 0.18662092, -0.74161162]), 3.5860087507514007, 5.5925073102354812]
[14, array([-0.23263135, -0.32168002]), 2.960757051462203, 5.3639065532599313]
[15, array([-0.07941747, -0.33364093]), 2.4581082044145188, 4.9117282768620676]
[16, array([ 0.10032724, -0.02989903]), 0.56460611628928037, 4.2383995194673671]
[17, array([ 0.10032724, -0.02989903]), 0.56460611628928037, 3.9282998709117152]
[18, array([ 0.10032724, -0.02989903]), 0.56460611628928037, 3.6935338054103695]
[19, array([ 0.10032724, -0.02989903]), 0.56460611628928037, 3.2432503193201221]
[20, array([ 0.10032724, -0.02989903]), 0.56460611628928037, 2.8920637363733723]
[21, array([ 0.01600697, -0.07144056]), 0.34389573674853979, 2.4855443610922654]
[22, array([-0.01956141,  0.0153681 ]), 0.086770833123626989, 1.8275630626534931]
[23, array([-0.01956141,  0.0153681 ]), 0.086770833123626989, 1.4854185956394885]
[24, array([-0.01956141,  0.0153681 ]), 0.086770833123626989, 1.2743726014721568]
[25, array([-0.01956141,  0.0153681 ]), 0.086770833123626989, 1.1388197077117348]
[26, array([-0.01956141,  0.0153681 ]), 0.086770833123626989, 0.9999236256237829]
[27, array([-0.01956141,  0.0153681 ]), 0.086770833123626989, 0.71327967358474498]
[28, array([-0.01956141,  0.0153681 ]), 0.086770833123626989, 0.54996407743521181]
[29, array([-0.01956141,  0.0153681 ]), 0.086770833123626989, 0.46688416210143802]
[30, array([-0.00690525, -0.01526111]), 0.054834102589286449, 0.38170282371286535]
[31, array([-0.00690525, -0.01526111]), 0.054834102589286449, 0.30218576762529176]
[32, array([-0.00690525, -0.01526111]), 0.054834102589286449, 0.26368697613071418]
[33, array([ 0.00616892, -0.00969701]), 0.036021006149117074, 0.20200251873097513]
[34, array([ 0.00958182,  0.00179561]), 0.030101972918075592, 0.12629883302359302]
[35, array([ 0.00958182,  0.00179561]), 0.030101972918075592, 0.10184415764330632]
[36, array([ 0.00616892, -0.00255591]), 0.020073583654018012, 0.073013993016818463]
[37, array([ 0.00023132,  0.00290974]), 0.0084828164707109188, 0.049867624383741128]
[38, array([ 0.00023132,  0.00290974]), 0.0084828164707109188, 0.036763362820780451]
[39, array([ 0.00023132,  0.00290974]), 0.0084828164707109188, 0.027400685062445529]
[40, array([-0.0021155 ,  0.00030162]), 0.006165637775556565, 0.019993817184666175]
[41, array([-0.00140725, -0.00022057]), 0.0040829192908806711, 0.016990961607010836]
[42, array([ 0.0011755, -0.0003301]), 0.0034931246217593248, 0.013817377572559141]
[43, array([ 0.00023132,  0.00085119]), 0.0025155635267073428, 0.0095571114371803215]
[44, array([  8.70081272e-04,   2.44839960e-05]), 0.0024821102557202046, 0.0087951660759977741]
[45, array([ -7.91734399e-05,  -2.63049508e-04]), 0.00077899583711316112, 0.0056523775237491414]
[46, array([ -7.91734399e-05,  -2.63049508e-04]), 0.00077899583711316112, 0.0043137426591324688]
[47, array([ -7.91734399e-05,  -2.63049508e-04]), 0.00077899583711316112, 0.0035821104640301193]
[48, array([ -7.91734399e-05,  -2.63049508e-04]), 0.00077899583711316112, 0.0028113867036526408]
[49, array([ -1.71166592e-05,   6.38310535e-05]), 0.00018703624522631301, 0.0023385417875549487]
[50, array([ -1.71166592e-05,   6.38310535e-05]), 0.00018703624522631301, 0.0020679957840688879]
[51, array([ -1.71166592e-05,   6.38310535e-05]), 0.00018703624522631301, 0.0015923362126367912]
[52, array([ -1.71166592e-05,   6.38310535e-05]), 0.00018703624522631301, 0.0013120779745027455]
[53, array([ -1.71166592e-05,   6.38310535e-05]), 0.00018703624522631301, 0.0012196896803048141]
[54, array([ -1.71166592e-05,   6.38310535e-05]), 0.00018703624522631301, 0.0010304980780666106]
[55, array([ -1.71166592e-05,   6.38310535e-05]), 0.00018703624522631301, 0.00087054179083283505]
[56, array([ -1.71166592e-05,   6.38310535e-05]), 0.00018703624522631301, 0.00068423872966212325]
[57, array([ -1.71166592e-05,   6.38310535e-05]), 0.00018703624522631301, 0.00058366463563226385]
[58, array([ -1.71166592e-05,   6.38310535e-05]), 0.00018703624522631301, 0.00051200393791512862]
[59, array([ -1.00721993e-05,   1.95736807e-05]), 6.2275455662064161e-05, 0.00045114455977524059]
[60, array([ -1.00721993e-05,   1.95736807e-05]), 6.2275455662064161e-05, 0.0003927359426474375]
[61, array([ -1.00721993e-05,   1.95736807e-05]), 6.2275455662064161e-05, 0.00030272121378080994]
[62, array([ -1.00721993e-05,   1.95736807e-05]), 6.2275455662064161e-05, 0.00027039872075347305]
[63, array([ -1.83811390e-05,   2.51891427e-06]), 5.2484775413308427e-05, 0.00022050145486867122]
[64, array([ -1.53817830e-05,   2.51891427e-06]), 4.4092219873892446e-05, 0.00019131219905892393]
[65, array([ -1.53817830e-05,   2.51891427e-06]), 4.4092219873892446e-05, 0.00017642146384373448]
[66, array([ -1.53817830e-05,   2.51891427e-06]), 4.4092219873892446e-05, 0.00014508035116156393]
[67, array([ -6.00856236e-06,  -8.05705300e-06]), 2.8430693735703727e-05, 0.00010860840346404999]
[68, array([ -6.00856236e-06,  -8.05705300e-06]), 2.8430693735703727e-05, 8.903523531840207e-05]
[69, array([ -6.00856236e-06,  -8.05705300e-06]), 2.8430693735703727e-05, 6.0402474112475349e-05]
[70, array([ -7.51905198e-06,   6.75775340e-07]), 2.1354328201272921e-05, 4.5676797083604728e-05]
[71, array([ -9.56057384e-07,  -3.05256361e-06]), 9.0477871919070196e-06, 3.2872773511538614e-05]
#############################################################
[1, array([ 2.01928793,  2.03696557]), 6.7149233573038138, 18.10410933501004]
[2, array([ 2.01928793,  2.03696557]), 6.7149233573038138, 17.771149290199919]
[3, array([ 0.03803802, -2.2215866 ]), 6.3348206181299034, 16.6620848647038]
[4, array([-0.39064965, -1.48421735]), 6.2073808164201658, 14.796503209272945]
[5, array([-0.21906808,  0.44242258]), 3.377018734834579, 12.159256987812039]
[6, array([-0.21906808,  0.44242258]), 3.377018734834579, 11.215481022793726]
[7, array([-0.21906808,  0.44242258]), 3.377018734834579, 9.7260101675060291]
[8, array([-0.21906808,  0.44242258]), 3.377018734834579, 8.6547074548321863]
[9, array([ 0.06774236, -0.4249685 ]), 2.8891735469073443, 7.5072991545756054]
[10, array([ 0.06774236, -0.4249685 ]), 2.8891735469073443, 6.8937313092780244]
[11, array([ 0.19030973, -0.16022428]), 1.8406352692370125, 6.106364646716699]
[12, array([ 0.19030973, -0.16022428]), 1.8406352692370125, 4.6698900729986397]
[13, array([ 0.00297578, -0.02339009]), 0.081427508681479299, 3.8334582364331133]
[14, array([ 0.00297578, -0.02339009]), 0.081427508681479299, 3.3073432357735939]
[15, array([ 0.00297578, -0.02339009]), 0.081427508681479299, 2.7371789437868279]
[16, array([ 0.00297578, -0.02339009]), 0.081427508681479299, 2.5689491546954977]
[17, array([ 0.00297578, -0.02339009]), 0.081427508681479299, 2.5002682376952778]
[18, array([ 0.00297578, -0.02339009]), 0.081427508681479299, 2.3095416347887365]
[19, array([ 0.00297578, -0.02339009]), 0.081427508681479299, 2.104144970038627]
[20, array([ 0.00297578, -0.02339009]), 0.081427508681479299, 1.8207807998049241]
[21, array([ 0.00297578, -0.02339009]), 0.081427508681479299, 1.4845180873608741]
[22, array([ 0.00297578, -0.02339009]), 0.081427508681479299, 1.1621767962388456]
[23, array([ 0.00297578, -0.02339009]), 0.081427508681479299, 0.83062786394526655]
[24, array([ 0.00297578, -0.02339009]), 0.081427508681479299, 0.58766225710214104]
[25, array([ 0.00297578, -0.02339009]), 0.081427508681479299, 0.38507600943482212]
[26, array([-0.0035862 ,  0.01268026]), 0.041889711925773288, 0.26094896126385414]
[27, array([-0.0035862 ,  0.01268026]), 0.041889711925773288, 0.19016552591377628]
[28, array([-0.0035862 ,  0.01268026]), 0.041889711925773288, 0.16778741383447954]
[29, array([-0.0035862 ,  0.01268026]), 0.041889711925773288, 0.14419760296775258]
[30, array([-0.00298936,  0.00509149]), 0.017627605511091549, 0.13173307946640564]
[31, array([-0.00298936,  0.00509149]), 0.017627605511091549, 0.1123889051965004]
[32, array([-0.00298936,  0.00509149]), 0.017627605511091549, 0.098567557663222963]
[33, array([-0.00298936,  0.00509149]), 0.017627605511091549, 0.083310927783628322]
[34, array([-0.00298936,  0.00509149]), 0.017627605511091549, 0.069713352065071191]
[35, array([ 0.0015408 ,  0.00379948]), 0.012044145194306299, 0.060928081054705444]
[36, array([ 0.0015408 ,  0.00379948]), 0.012044145194306299, 0.05352912639940479]
[37, array([ 0.0015408 ,  0.00379948]), 0.012044145194306299, 0.044101294520717448]
[38, array([ 0.00300198,  0.00098294]), 0.0092001366133236395, 0.039678806697572802]
[39, array([-0.00017839, -0.00117198]), 0.0033904583795849597, 0.030097155609087434]
[40, array([-0.00017839, -0.00117198]), 0.0033904583795849597, 0.019769179908518363]
[41, array([-0.00017839, -0.00117198]), 0.0033904583795849597, 0.012353223687682569]
[42, array([-0.00017839, -0.00117198]), 0.0033904583795849597, 0.010529233398035931]
[43, array([-0.00017839, -0.00117198]), 0.0033904583795849597, 0.0086517536490466011]
[44, array([-0.00017839, -0.00117198]), 0.0033904583795849597, 0.0074616865918836874]
[45, array([ 0.00056531,  0.0002708 ]), 0.0017833969794520677, 0.0054821760073981984]
[46, array([ 0.00056531,  0.0002708 ]), 0.0017833969794520677, 0.0045618097172609676]
[47, array([ 0.00014928, -0.00026189]), 0.00085504153037918584, 0.0038016957626772372]
[48, array([  7.20818043e-05,   2.80772039e-04]), 0.00082213375527162569, 0.0030707629548667901]
[49, array([  3.66294043e-05,   1.28459638e-05]), 0.00010983017778842807, 0.0023808223903503565]
[50, array([  3.66294043e-05,   1.28459638e-05]), 0.00010983017778842807, 0.0021674000123733882]
[51, array([  3.66294043e-05,   1.28459638e-05]), 0.00010983017778842807, 0.0019937383378032967]
[52, array([  3.66294043e-05,   1.28459638e-05]), 0.00010983017778842807, 0.0015915369631135158]
[53, array([  3.66294043e-05,   1.28459638e-05]), 0.00010983017778842807, 0.001213174360901359]
[54, array([  3.66294043e-05,   1.28459638e-05]), 0.00010983017778842807, 0.00090438301093245246]
[55, array([  3.66294043e-05,   1.28459638e-05]), 0.00010983017778842807, 0.00083300414136457948]
[56, array([  3.66294043e-05,   1.28459638e-05]), 0.00010983017778842807, 0.00080596937656585155]
[57, array([  3.66294043e-05,   1.28459638e-05]), 0.00010983017778842807, 0.00068801662029747133]
[58, array([  2.50152302e-05,  -1.68949594e-05]), 8.5403483382595624e-05, 0.00050402502418505084]
[59, array([  2.50152302e-05,  -1.68949594e-05]), 8.5403483382595624e-05, 0.00039707972713491911]
[60, array([  2.95624520e-07,  -1.56905387e-05]), 4.4393979600432232e-05, 0.000338441957251856]
[61, array([  2.95624520e-07,  -1.56905387e-05]), 4.4393979600432232e-05, 0.00030530713069998328]
[62, array([  2.95624520e-07,  -1.56905387e-05]), 4.4393979600432232e-05, 0.00023325685837862764]
[63, array([  2.95624520e-07,  -1.56905387e-05]), 4.4393979600432232e-05, 0.00018606984490512346]
[64, array([  2.95624520e-07,  -1.56905387e-05]), 4.4393979600432232e-05, 0.00014615539300129045]
[65, array([  9.46876653e-07,   6.94593924e-06]), 1.9829096637113963e-05, 0.00012045983083437406]
[66, array([  9.46876653e-07,   6.94593924e-06]), 1.9829096637113963e-05, 9.4773910945189502e-05]
[67, array([  9.46876653e-07,   6.94593924e-06]), 1.9829096637113963e-05, 7.3939564690395082e-05]
[68, array([  9.46876653e-07,   6.94593924e-06]), 1.9829096637113963e-05, 6.2038925039420434e-05]
[69, array([ -3.52468416e-06,   9.29025795e-07]), 1.0310150067471824e-05, 4.9427147388581008e-05]
[70, array([ -3.52468416e-06,   9.29025795e-07]), 1.0310150067471824e-05, 3.8575155689368755e-05]
[71, array([ -1.42343700e-06,   1.01754349e-06]), 4.9490754787662183e-06, 2.6649926885990993e-05]
#############################################################
[1, array([ 2.01928793,  2.03696557]), 6.7149233573038138, 17.769724098160872]
[2, array([ 2.01928793,  2.03696557]), 6.7149233573038138, 15.833589613245113]
[3, array([-1.60052394, -0.33420744]), 6.328179381721327, 14.446215333139838]
[4, array([-1.60052394, -0.33420744]), 6.328179381721327, 13.752188788439691]
[5, array([-1.60052394, -0.33420744]), 6.328179381721327, 11.549721154034312]
[6, array([-1.60052394, -0.33420744]), 6.328179381721327, 10.845194638745602]
[7, array([-0.44092913,  0.58485835]), 4.278294516609126, 10.144115095558407]
[8, array([-0.44092913,  0.58485835]), 4.278294516609126, 8.6658210783080687]
[9, array([-0.97207375,  1.07162915]), 3.8525479563346186, 7.3369555345819633]
[10, array([ 0.15804739,  0.9894959 ]), 3.1967622769548147, 6.0293757962989645]
[11, array([ 0.15804739,  0.9894959 ]), 3.1967622769548147, 5.4500526111728647]
[12, array([-0.06988721,  1.04452196]), 2.9280378242106804, 5.3750418082294091]
[13, array([ 0.14310127, -0.31105383]), 2.5316153538030268, 4.9019141695554636]
[14, array([ 0.14310127, -0.31105383]), 2.5316153538030268, 4.2885926820508553]
[15, array([-0.18873077, -0.17194901]), 1.9006133658633506, 3.8373048503361615]
[16, array([-0.18873077, -0.17194901]), 1.9006133658633506, 3.4276312283461094]
[17, array([-0.18873077, -0.17194901]), 1.9006133658633506, 2.957720497234559]
[18, array([-0.17465465,  0.09139178]), 1.3568576004465247, 2.669288778400841]
[19, array([ 0.08323513,  0.05172526]), 0.51668812436076594, 2.4062714317510951]
[20, array([ 0.08323513,  0.05172526]), 0.51668812436076594, 2.2274624931210711]
[21, array([ 0.08323513,  0.05172526]), 0.51668812436076594, 2.2274624931210711]
[22, array([ 0.09161819, -0.02115247]), 0.48567638488623333, 1.9752608109580667]
[23, array([-0.03737539, -0.05204329]), 0.28756429293464736, 1.873385396380074]
[24, array([-0.03737539, -0.05204329]), 0.28756429293464736, 1.7462434361932124]
[25, array([-0.03737539, -0.05204329]), 0.28756429293464736, 1.6718116269749774]
[26, array([ 0.02567589,  0.02183825]), 0.12536418337220256, 1.362873874705582]
[27, array([ 0.02567589,  0.02183825]), 0.12536418337220256, 0.92132453162083061]
[28, array([ 0.02567589,  0.02183825]), 0.12536418337220256, 0.71944328451173478]
[29, array([-0.01923724,  0.02183825]), 0.10474288959392242, 0.53975632054171585]
[30, array([ 0.01464415, -0.00891259]), 0.056297689371007653, 0.43111597485081765]
[31, array([ 0.01464415, -0.00891259]), 0.056297689371007653, 0.31958672245903497]
[32, array([ 0.01464415, -0.00891259]), 0.056297689371007653, 0.26065757504551118]
[33, array([ 0.01464415, -0.00891259]), 0.056297689371007653, 0.19069764934831168]
[34, array([ 0.01307216, -0.00361002]), 0.0432479112507278, 0.1311666206333631]
[35, array([-0.00850335,  0.00375637]), 0.028593003890688085, 0.096613370756392578]
[36, array([ 0.00736549,  0.00236734]), 0.023475472461527591, 0.074333834152231132]
[37, array([ 0.00249063, -0.00420397]), 0.014456417689544754, 0.05374310232063069]
[38, array([ 0.00249063, -0.00420397]), 0.014456417689544754, 0.046823666921543161]
[39, array([-0.00286609, -0.00336977]), 0.013033380863845867, 0.041372026140166177]
[40, array([-0.00236803,  0.00030149]), 0.0069036028796003457, 0.033701622827955635]
[41, array([-0.00236803,  0.00030149]), 0.0069036028796003457, 0.023475774482464386]
[42, array([ 0.00142244,  0.00104044]), 0.0050673539482635199, 0.020416386143874997]
[43, array([ 0.00118382, -0.00093717]), 0.0043312738930372241, 0.016125807600560638]
[44, array([ 0.00118382, -0.00093717]), 0.0043312738930372241, 0.014583387845999506]
[45, array([-0.00011863,  0.0012654 ]), 0.0036377883892133589, 0.011484744219067533]
[46, array([-0.00011863,  0.0012654 ]), 0.0036377883892133589, 0.0086248943930754326]
[47, array([-0.00011863,  0.0012654 ]), 0.0036377883892133589, 0.0074637646296383583]
[48, array([-0.00011863,  0.0012654 ]), 0.0036377883892133589, 0.0068019431414399808]
[49, array([ 0.00039383,  0.00054846]), 0.0019219294613610494, 0.0047019131588711179]
[50, array([ 0.00039383,  0.00054846]), 0.0019219294613610494, 0.0042970075317694699]
[51, array([-0.00029606,  0.00051791]), 0.0016967992578540425, 0.0035733207181272595]
[52, array([ -2.01506064e-05,  -1.12441637e-04]), 0.00032344707342746304, 0.0028881718125005839]
[53, array([ -2.01506064e-05,  -1.12441637e-04]), 0.00032344707342746304, 0.00222817317689854]
[54, array([ -2.01506064e-05,  -1.12441637e-04]), 0.00032344707342746304, 0.0018620130750664821]
[55, array([ -2.01506064e-05,  -1.12441637e-04]), 0.00032344707342746304, 0.0015854942143602279]
[56, array([ -2.01506064e-05,  -1.12441637e-04]), 0.00032344707342746304, 0.0011662682009855097]
[57, array([ -2.01506064e-05,  -1.12441637e-04]), 0.00032344707342746304, 0.0010687606654111725]
[58, array([ -1.80723533e-05,  -6.52145105e-05]), 0.00019152815939138534, 0.0008504241179157823]
[59, array([  2.63633446e-05,  -3.32652199e-05]), 0.00012010132164919085, 0.00063492064427448367]
[60, array([  2.63633446e-05,  -3.32652199e-05]), 0.00012010132164919085, 0.00049724679727018999]
[61, array([ -8.07543421e-06,  -1.10655464e-05]), 3.8751243778722966e-05, 0.00042628753141729094]
[62, array([ -8.07543421e-06,  -1.10655464e-05]), 3.8751243778722966e-05, 0.00031869918105131845]
[63, array([  4.02154274e-06,   4.84905084e-06]), 1.7819272188024371e-05, 0.00022378912361320502]
[64, array([  4.02154274e-06,   4.84905084e-06]), 1.7819272188024371e-05, 0.00020682919010051037]
[65, array([  4.02154274e-06,   4.84905084e-06]), 1.7819272188024371e-05, 0.00017067656485467709]
[66, array([  4.02154274e-06,   4.84905084e-06]), 1.7819272188024371e-05, 0.00014016013818052286]
[67, array([  4.02154274e-06,   4.84905084e-06]), 1.7819272188024371e-05, 9.6372008941170156e-05]
[68, array([  4.02154274e-06,   4.84905084e-06]), 1.7819272188024371e-05, 6.5584597785761647e-05]
[69, array([  4.02154274e-06,   4.84905084e-06]), 1.7819272188024371e-05, 5.4653545441585297e-05]
[70, array([  5.08799785e-06,   2.95724792e-06]), 1.6646170753364942e-05, 4.4667904870099305e-05]
[71, array([  1.99249477e-06,   1.43345638e-06]), 6.9426859643506589e-06, 3.8619092458969108e-05]
#############################################################
[1, array([ 2.01928793,  2.03696557]), 6.7149233573038138, 18.391802155717084]
[2, array([ 2.01928793,  2.03696557]), 6.7149233573038138, 17.61900963259113]
[3, array([ 2.01928793,  2.03696557]), 6.7149233573038138, 17.105162564991435]
[4, array([ 2.01928793,  2.03696557]), 6.7149233573038138, 15.72073182914778]
[5, array([-2.20196574,  0.96851053]), 6.5913282516659635, 14.160191147543225]
[6, array([-2.20196574,  0.96851053]), 6.5913282516659635, 13.472242482582853]
[7, array([-0.93071823,  1.09447912]), 4.0139367558401773, 12.378490232125575]
[8, array([-0.93071823,  1.09447912]), 4.0139367558401773, 11.075745520834875]
[9, array([-0.93071823,  1.09447912]), 4.0139367558401773, 9.7865024768656301]
[10, array([-0.93071823,  1.09447912]), 4.0139367558401773, 8.437704787181822]
[11, array([-0.93071823,  1.09447912]), 4.0139367558401773, 7.2838526205338097]
[12, array([-0.93071823,  1.09447912]), 4.0139367558401773, 6.8318102560463956]
[13, array([-0.93071823,  1.09447912]), 4.0139367558401773, 6.4934713258440553]
[14, array([-0.18754867, -0.93131752]), 3.3259667060068492, 6.0718333401878439]
[15, array([-0.18754867, -0.93131752]), 3.3259667060068492, 5.4333086281580751]
[16, array([-0.29572141, -0.032346  ]), 2.1259558610363603, 4.7751600772785947]
[17, array([-0.29572141, -0.032346  ]), 2.1259558610363603, 4.1162816155312481]
[18, array([ 0.20271498,  0.0899807 ]), 1.5701149876090885, 3.7294469052672961]
[19, array([-0.15259402,  0.0752553 ]), 1.1137068300704454, 3.2459781878762257]
[20, array([-0.15259402,  0.0752553 ]), 1.1137068300704454, 3.0796085183063111]
[21, array([-0.15259402,  0.0752553 ]), 1.1137068300704454, 2.8792218298250321]
[22, array([-0.15259402,  0.0752553 ]), 1.1137068300704454, 2.8679447587493954]
[23, array([-0.02461452, -0.13216945]), 0.7986337264262926, 2.5435486098723628]
[24, array([-0.02461452, -0.13216945]), 0.7986337264262926, 2.4443158467247881]
[25, array([-0.05774673, -0.032346  ]), 0.30033708310946539, 2.2884805692657215]
[26, array([-0.05774673, -0.032346  ]), 0.30033708310946539, 1.9662241443642912]
[27, array([-0.05774673, -0.032346  ]), 0.30033708310946539, 1.7369192916260143]
[28, array([-0.02118689, -0.0141611 ]), 0.089295186172361429, 1.628776032578066]
[29, array([-0.02118689, -0.0141611 ]), 0.089295186172361429, 1.2058658019329935]
[30, array([-0.02118689, -0.0141611 ]), 0.089295186172361429, 0.856218015045908]
[31, array([-0.02118689, -0.0141611 ]), 0.089295186172361429, 0.71381032971606828]
[32, array([-0.02118689, -0.0141611 ]), 0.089295186172361429, 0.51623323357391171]
[33, array([ 0.00478606, -0.0141611 ]), 0.04821912523648253, 0.40389829294456819]
[34, array([ 0.00478606, -0.0141611 ]), 0.04821912523648253, 0.35033263469411136]
[35, array([ 0.00478606, -0.0141611 ]), 0.04821912523648253, 0.31912169989250028]
[36, array([ 0.00478606, -0.0141611 ]), 0.04821912523648253, 0.23196149420852191]
[37, array([ 0.00136834, -0.00262793]), 0.008613882912233084, 0.18130458141314038]
[38, array([ 0.00136834, -0.00262793]), 0.008613882912233084, 0.12871112757015313]
[39, array([ 0.00136834, -0.00262793]), 0.008613882912233084, 0.10525699040199692]
[40, array([ 0.00136834, -0.00262793]), 0.008613882912233084, 0.07863005409266241]
[41, array([ 0.00136834, -0.00262793]), 0.008613882912233084, 0.061827744861025824]
[42, array([ 0.00078384,  0.002723  ]), 0.0082283559783928872, 0.048056299759693298]
[43, array([ 0.00078384,  0.002723  ]), 0.0082283559783928872, 0.040119637740686276]
[44, array([ 0.00078384,  0.002723  ]), 0.0082283559783928872, 0.029146166381801297]
[45, array([ 0.00078384,  0.002723  ]), 0.0082283559783928872, 0.026446966654871052]
[46, array([ 0.00010326,  0.00064784]), 0.0018669670738735711, 0.020718427596931922]
[47, array([ 0.00010326,  0.00064784]), 0.0018669670738735711, 0.016978126035499041]
[48, array([ 0.00010326,  0.00064784]), 0.0018669670738735711, 0.013015924486099895]
[49, array([ 0.00010326,  0.00064784]), 0.0018669670738735711, 0.010391315808369318]
[50, array([ 0.00010326,  0.00064784]), 0.0018669670738735711, 0.0078855300910416481]
[51, array([ 0.00010326,  0.00064784]), 0.0018669670738735711, 0.0068447994420002267]
[52, array([ 0.00010326,  0.00064784]), 0.0018669670738735711, 0.0053093962464152433]
[53, array([-0.00010981, -0.00047004]), 0.001371488605162785, 0.0041986785408963277]
[54, array([-0.00027675,  0.00024235]), 0.0010440766460075857, 0.0032964009351402089]
[55, array([-0.00027675,  0.00024235]), 0.0010440766460075857, 0.0027977863244710299]
[56, array([ 0.00025509, -0.00014465]), 0.00083171890172240026, 0.002592899736388521]
[57, array([  3.88495162e-05,  -1.39290594e-04]), 0.00040956689813187452, 0.0021634777955223507]
[58, array([  3.88495162e-05,  -1.39290594e-04]), 0.00040956689813187452, 0.0018069969354624683]
[59, array([  6.37569926e-05,  -4.82894462e-05]), 0.00022638836857469258, 0.0014630717492967627]
[60, array([  6.37569926e-05,  -4.82894462e-05]), 0.00022638836857469258, 0.0011116597441524156]
[61, array([  6.37569926e-05,  -4.82894462e-05]), 0.00022638836857469258, 0.00092407777715051152]
[62, array([  6.37569926e-05,  -4.82894462e-05]), 0.00022638836857469258, 0.00080944099574837831]
[63, array([  6.37569926e-05,  -4.82894462e-05]), 0.00022638836857469258, 0.0007122747296848253]
[64, array([  6.37569926e-05,  -4.82894462e-05]), 0.00022638836857469258, 0.00051284622625429326]
[65, array([ -2.05883188e-05,  -3.19805655e-05]), 0.00010761678862225565, 0.00038689056623200104]
[66, array([  1.21913546e-05,  -2.46127428e-06]), 3.5182180227355531e-05, 0.0003037559899614628]
[67, array([  1.21913546e-05,  -2.46127428e-06]), 3.5182180227355531e-05, 0.00025685566845394802]
[68, array([  1.21913546e-05,  -2.46127428e-06]), 3.5182180227355531e-05, 0.00019649277437467917]
[69, array([ -4.15661868e-06,  -2.58129595e-06]), 1.3839876676247087e-05, 0.00016607503669421319]
[70, array([ -4.15661868e-06,  -2.58129595e-06]), 1.3839876676247087e-05, 0.00013959766712643429]
[71, array([ -4.15661868e-06,  -2.58129595e-06]), 1.3839876676247087e-05, 0.00011263137567931735]
[72, array([ -4.15661868e-06,  -2.58129595e-06]), 1.3839876676247087e-05, 9.925202883094286e-05]
[73, array([ -4.15661868e-06,  -2.58129595e-06]), 1.3839876676247087e-05, 7.8189339042911143e-05]
[74, array([ -4.15661868e-06,  -2.58129595e-06]), 1.3839876676247087e-05, 6.8538789513095105e-05]
[75, array([ -4.15661868e-06,  -2.58129595e-06]), 1.3839876676247087e-05, 6.1283155939850784e-05]
[76, array([ -3.49451293e-06,   3.12716454e-07]), 9.9237998267831529e-06, 5.3081518987507791e-05]
#############################################################
[1, array([ 2.01928793,  2.03696557]), 6.7149233573038138, 18.202899039647981]
[2, array([ 2.01928793,  2.03696557]), 6.7149233573038138, 17.45727649850215]
[3, array([ 2.01928793,  2.03696557]), 6.7149233573038138, 16.383429087489706]
[4, array([ 2.01928793,  2.03696557]), 6.7149233573038138, 15.344598314058633]
[5, array([ 2.01928793,  2.03696557]), 6.7149233573038138, 14.14271200831546]
[6, array([ 0.77740273,  0.94632792]), 4.152571483956887, 12.482983142823382]
[7, array([ 0.77740273,  0.94632792]), 4.152571483956887, 11.644811306346384]
[8, array([ 0.77740273,  0.94632792]), 4.152571483956887, 10.455705963283311]
[9, array([ 0.77740273,  0.94632792]), 4.152571483956887, 9.7475382392095717]
[10, array([-1.09870724,  0.93908103]), 4.0270245234199677, 8.4989302472110175]
[11, array([-1.09870724,  0.93908103]), 4.0270245234199677, 7.7855972724153517]
[12, array([-0.40916185, -0.44899806]), 3.9562283776207754, 6.3357328690900916]
[13, array([ 0.38505108,  0.05024209]), 2.6816738220207026, 5.7927618515332595]
[14, array([ 0.38505108,  0.05024209]), 2.6816738220207026, 5.3983242562915654]
[15, array([ 0.38505108,  0.05024209]), 2.6816738220207026, 4.9497702196612376]
[16, array([ 0.38505108,  0.05024209]), 2.6816738220207026, 4.3288518719436784]
[17, array([-0.11056615, -0.13429241]), 1.1571564466676318, 4.0043754490644119]
[18, array([-0.11056615, -0.13429241]), 1.1571564466676318, 3.6320280136373269]
[19, array([-0.11056615, -0.13429241]), 1.1571564466676318, 3.1114727976345904]
[20, array([-0.11056615, -0.13429241]), 1.1571564466676318, 2.864923040312227]
[21, array([ 0.08691904,  0.04153658]), 0.50374153351532813, 2.4764380681730604]
[22, array([ 0.08691904,  0.04153658]), 0.50374153351532813, 2.3405328705274169]
[23, array([ 0.08691904,  0.04153658]), 0.50374153351532813, 2.0880293814852773]
[24, array([ 0.08691904,  0.04153658]), 0.50374153351532813, 1.7743333226037108]
[25, array([-0.06092708, -0.04839719]), 0.37495001518885518, 1.4355013816447726]
[26, array([-0.04268039,  0.01143145]), 0.17617111165132515, 1.1625726620746248]
[27, array([ 0.03761488, -0.00565572]), 0.14566525092067595, 0.88028882781962214]
[28, array([ 0.03761488, -0.00565572]), 0.14566525092067595, 0.83994762902866049]
[29, array([ 0.02785602, -0.02390183]), 0.13937297029750839, 0.64505006853900504]
[30, array([ 0.00711339, -0.0132494 ]), 0.048546671919951212, 0.40668300598141532]
[31, array([ 0.00711339, -0.0132494 ]), 0.048546671919951212, 0.34687835669378242]
[32, array([ 0.00711339, -0.0132494 ]), 0.048546671919951212, 0.19990647148024498]
[33, array([ 0.00724671,  0.00759229]), 0.032617227021593198, 0.13911741071911896]
[34, array([ 0.00724671,  0.00759229]), 0.032617227021593198, 0.1176238435459637]
[35, array([ 0.00724671,  0.00759229]), 0.032617227021593198, 0.080944449523453255]
[36, array([-0.00206216,  0.00127138]), 0.0070083833116787453, 0.063905892112548823]
[37, array([-0.00206216,  0.00127138]), 0.0070083833116787453, 0.051821187212885089]
[38, array([-0.00206216,  0.00127138]), 0.0070083833116787453, 0.044176806283488815]
[39, array([-0.00206216,  0.00127138]), 0.0070083833116787453, 0.03417899997667613]
[40, array([-0.0017464 , -0.00053513]), 0.0052551016505977266, 0.024775338663355396]
[41, array([-0.0017464 , -0.00053513]), 0.0052551016505977266, 0.018218244655936022]
[42, array([-0.00141905,  0.00070307]), 0.0045460737725773193, 0.013590929176061283]
[43, array([-0.00141905,  0.00070307]), 0.0045460737725773193, 0.011878245057243487]
[44, array([-0.00080251,  0.00115948]), 0.0040413467911979417, 0.011196727863601463]
[45, array([-0.00092924, -0.00053513]), 0.0030635798490412647, 0.01068662882840501]
[46, array([ 0.0002828,  0.0002431]), 0.0010584971800722265, 0.0078619455316746752]
[47, array([ 0.0002828,  0.0002431]), 0.0010584971800722265, 0.0069261708107634769]
[48, array([ 0.0002828,  0.0002431]), 0.0010584971800722265, 0.0057953143793766596]
[49, array([ -3.37862751e-04,   7.05824747e-05]), 0.00097942279623852713, 0.0046386259098967209]
[50, array([  9.93406130e-05,   3.00339497e-04]), 0.00089741554617406294, 0.0033640716214082822]
[51, array([  9.93406130e-05,   3.00339497e-04]), 0.00089741554617406294, 0.0026446657010436247]
[52, array([-0.00018538,  0.00019365]), 0.00076015912441507183, 0.0022131028198375978]
[53, array([-0.00018538,  0.00019365]), 0.00076015912441507183, 0.0019266225454704689]
[54, array([  2.30382687e-04,  -8.00462097e-05]), 0.00069141626771385134, 0.0015819363805186447]
[55, array([  2.30382687e-04,  -8.00462097e-05]), 0.00069141626771385134, 0.0013208737943323889]
[56, array([ -1.41498337e-04,   5.88758732e-05]), 0.00043410576435265469, 0.0011175561796423316]
[57, array([  6.84846722e-05,  -8.94592848e-05]), 0.00031899912040289635, 0.0010018668619667715]
[58, array([  6.84846722e-05,  -8.94592848e-05]), 0.00031899912040289635, 0.00082490598938713691]
[59, array([  6.84846722e-05,  -8.94592848e-05]), 0.00031899912040289635, 0.00072448132984002098]
[60, array([  3.86338498e-05,   8.35469833e-05]), 0.00026057419145830707, 0.00067019752083359303]
[61, array([  3.91364127e-05,  -1.54172293e-05]), 0.00011902105353245318, 0.00051358767391116442]
[62, array([  3.91364127e-05,  -1.54172293e-05]), 0.00011902105353245318, 0.00038107731586949355]
[63, array([  6.15762733e-06,  -2.06473617e-05]), 6.0953639700489504e-05, 0.00031197855476579052]
[64, array([  6.15762733e-06,  -2.06473617e-05]), 6.0953639700489504e-05, 0.00027744120314467937]
[65, array([  6.15762733e-06,  -2.06473617e-05]), 6.0953639700489504e-05, 0.00018448490502089853]
[66, array([ -2.80298203e-06,   1.12146879e-05]), 3.2699237703770478e-05, 0.00016207912477410601]
[67, array([ -2.80298203e-06,   1.12146879e-05]), 3.2699237703770478e-05, 0.00013429865240111027]
[68, array([ -2.80298203e-06,   1.12146879e-05]), 3.2699237703770478e-05, 0.00011833368136260347]
[69, array([ -2.80298203e-06,   1.12146879e-05]), 3.2699237703770478e-05, 9.2900514808125228e-05]
[70, array([ -2.80298203e-06,   1.12146879e-05]), 3.2699237703770478e-05, 8.4269553519344958e-05]
[71, array([ -2.80298203e-06,   1.12146879e-05]), 3.2699237703770478e-05, 7.0598159733403781e-05]
[72, array([ -4.57921969e-06,   3.94787400e-06]), 1.7101841696121056e-05, 6.1485491849300192e-05]
[73, array([ -4.57921969e-06,   3.94787400e-06]), 1.7101841696121056e-05, 5.4281439656822529e-05]
[74, array([ -1.61402188e-06,   3.20147507e-06]), 1.0141154583198642e-05, 4.1114230729721868e-05]
[75, array([ -2.10580143e-07,  -1.74834697e-06]), 4.9808946482876593e-06, 3.0984721304516685e-05]
#############################################################
[1, array([ 2.01928793,  2.03696557]), 6.7149233573038138, 17.872800355894991]
[2, array([ 2.01928793,  2.03696557]), 6.7149233573038138, 16.852188393489794]
[3, array([-1.94031956, -0.50233758]), 6.6887542247177016, 15.661169768484887]
[4, array([-1.94031956, -0.50233758]), 6.6887542247177016, 14.857096954485318]
[5, array([-1.94031956, -0.50233758]), 6.6887542247177016, 13.518289950609766]
[6, array([-0.96784497, -0.85562622]), 3.8370603505572594, 12.225932397615896]
[7, array([-0.96784497, -0.85562622]), 3.8370603505572594, 10.538640248824631]
[8, array([-0.96784497, -0.85562622]), 3.8370603505572594, 9.8077687227831785]
[9, array([-0.07884785,  0.48036161]), 3.1035640251386423, 8.0037163274622305]
[10, array([-0.07884785,  0.48036161]), 3.1035640251386423, 7.0429963633707073]
[11, array([-0.07884785,  0.48036161]), 3.1035640251386423, 6.1722783327946544]
[12, array([ 0.03158222, -0.88363054]), 2.7003183944526552, 5.4141544707808658]
[13, array([ 0.07506558,  0.22703513]), 1.70581340717747, 4.5204929940210601]
[14, array([ 0.07506558,  0.22703513]), 1.70581340717747, 3.9106694161009798]
[15, array([ 0.07506558,  0.22703513]), 1.70581340717747, 3.6463940802342152]
[16, array([ 0.07506558,  0.22703513]), 1.70581340717747, 3.395733839007343]
[17, array([ 0.07506558,  0.22703513]), 1.70581340717747, 3.2206705042002284]
[18, array([ 0.07506558,  0.22703513]), 1.70581340717747, 3.0776992421640319]
[19, array([ 0.02918116,  0.23034346]), 1.625499296919966, 2.8509941834618693]
[20, array([-0.00106425, -0.13596163]), 0.80958779678971071, 2.5928361093686401]
[21, array([-0.00106425, -0.13596163]), 0.80958779678971071, 2.4849054010149629]
[22, array([-0.04683829,  0.04868281]), 0.3090142280275967, 2.1118668688760658]
[23, array([ 0.01056486,  0.01193705]), 0.051842556901480652, 1.8243450771465493]
[24, array([ 0.01056486,  0.01193705]), 0.051842556901480652, 1.5510350022405093]
[25, array([ 0.01056486,  0.01193705]), 0.051842556901480652, 1.2455946069701964]
[26, array([ 0.01056486,  0.01193705]), 0.051842556901480652, 0.97630743844404078]
[27, array([ 0.01056486,  0.01193705]), 0.051842556901480652, 0.54408710437391594]
[28, array([ 0.01056486,  0.01193705]), 0.051842556901480652, 0.41654506972922006]
[29, array([ 0.01056486,  0.01193705]), 0.051842556901480652, 0.29144495390312064]
[30, array([ 0.00120194,  0.00094124]), 0.0043799966753650388, 0.19666310232322504]
[31, array([ 0.00120194,  0.00094124]), 0.0043799966753650388, 0.13207913755680964]
[32, array([ 0.00120194,  0.00094124]), 0.0043799966753650388, 0.10757215825571995]
[33, array([ 0.00120194,  0.00094124]), 0.0043799966753650388, 0.085625250076540288]
[34, array([ 0.00120194,  0.00094124]), 0.0043799966753650388, 0.06388714528480692]
[35, array([ 0.00120194,  0.00094124]), 0.0043799966753650388, 0.05472882544582882]
[36, array([ 0.00120194,  0.00094124]), 0.0043799966753650388, 0.042139346785141377]
[37, array([ 0.00120194,  0.00094124]), 0.0043799966753650388, 0.035032568060712158]
[38, array([  6.46480347e-04,   3.60808623e-05]), 0.0018425317646131312, 0.029071315331534731]
[39, array([  6.46480347e-04,   3.60808623e-05]), 0.0018425317646131312, 0.023209020785534752]
[40, array([  6.46480347e-04,   3.60808623e-05]), 0.0018425317646131312, 0.021137043208400728]
[41, array([  6.46480347e-04,   3.60808623e-05]), 0.0018425317646131312, 0.017001007187084038]
[42, array([  6.46480347e-04,   3.60808623e-05]), 0.0018425317646131312, 0.014629586961808716]
[43, array([  6.46480347e-04,   3.60808623e-05]), 0.0018425317646131312, 0.012244725541481127]
[44, array([  6.46480347e-04,   3.60808623e-05]), 0.0018425317646131312, 0.0096617813528001584]
[45, array([  6.46480347e-04,   3.60808623e-05]), 0.0018425317646131312, 0.008005033481618096]
[46, array([  6.46480347e-04,   3.60808623e-05]), 0.0018425317646131312, 0.0060111355505644507]
[47, array([  7.29401858e-05,   1.67210291e-04]), 0.0005168672038142752, 0.0042722102396342441]
[48, array([  7.29401858e-05,   1.67210291e-04]), 0.0005168672038142752, 0.0038321168472980282]
[49, array([  7.29401858e-05,   1.67210291e-04]), 0.0005168672038142752, 0.0026114145166991954]
[50, array([  1.32664367e-04,  -5.74097076e-05]), 0.00040941540525141207, 0.001928850952979122]
[51, array([  1.29331041e-04,   6.43575297e-05]), 0.00040914751497256319, 0.0014616914417149296]
[52, array([ -2.73824581e-05,   5.05894456e-05]), 0.00016279253519657644, 0.0011883247570653843]
[53, array([ -2.73824581e-05,   5.05894456e-05]), 0.00016279253519657644, 0.00081515599714636626]
[54, array([ -5.60946003e-05,  -4.41710047e-06]), 0.00015923492798508576, 0.00062897954101037712]
[55, array([ -4.14781993e-05,  -2.70311975e-05]), 0.00014009745592291623, 0.00055405736489992923]
[56, array([ -4.14781993e-05,  -2.70311975e-05]), 0.00014009745592291623, 0.00051068816889658923]
[57, array([  6.11272279e-06,  -2.33102492e-05]), 6.8176044923706769e-05, 0.00039507015335304985]
[58, array([  6.11272279e-06,  -2.33102492e-05]), 6.8176044923706769e-05, 0.00034395800650779409]
[59, array([  6.11272279e-06,  -2.33102492e-05]), 6.8176044923706769e-05, 0.00028185736527950309]
[60, array([  6.11272279e-06,  -2.33102492e-05]), 6.8176044923706769e-05, 0.0002366810399196062]
[61, array([ -1.91572996e-05,  -5.53375512e-06]), 5.6410912453674911e-05, 0.00019231407681958857]
[62, array([  1.02903545e-05,  -1.18674416e-05]), 4.4434269963478101e-05, 0.00015702725525121864]
[63, array([  1.05656096e-05,   1.12987570e-05]), 4.3759681844779408e-05, 0.00012338159617586442]
[64, array([ -1.88842202e-06,   6.88029480e-06]), 2.0181463380897213e-05, 9.6262330450525011e-05]
[65, array([ -1.88842202e-06,   6.88029480e-06]), 2.0181463380897213e-05, 6.7459451890261585e-05]
[66, array([  9.82281732e-07,   1.72906587e-06]), 5.6247270241449598e-06, 5.2453583543066171e-05]
#############################################################
[1, array([ 2.01928793,  2.03696557]), 6.7149233573038138, 18.120327006388724]
[2, array([ 2.01928793,  2.03696557]), 6.7149233573038138, 16.945327514803839]
[3, array([ 2.01928793,  2.03696557]), 6.7149233573038138, 16.817605741381644]
[4, array([-0.50561867, -0.75041166]), 4.513115308634486, 16.364777938313754]
[5, array([-0.50561867, -0.75041166]), 4.513115308634486, 14.075494358157036]
[6, array([-0.50561867, -0.75041166]), 4.513115308634486, 12.822369052541367]
[7, array([-0.50561867, -0.75041166]), 4.513115308634486, 11.926189697577231]
[8, array([-0.50561867, -0.75041166]), 4.513115308634486, 9.9629702591822564]
[9, array([-0.50561867, -0.75041166]), 4.513115308634486, 8.2091337603740122]
[10, array([-0.50561867, -0.75041166]), 4.513115308634486, 7.6355740744867804]
[11, array([ 0.9370418 , -1.14996242]), 4.3746808118110287, 6.6012629786805421]
[12, array([ 1.05706899, -0.25212557]), 3.9809629884080668, 6.1906033835355503]
[13, array([-0.05311939,  0.01973068]), 0.24373652463655349, 5.4814877322406597]
[14, array([-0.05311939,  0.01973068]), 0.24373652463655349, 4.2579776639662219]
[15, array([-0.05311939,  0.01973068]), 0.24373652463655349, 2.7829671913767617]
[16, array([-0.05311939,  0.01973068]), 0.24373652463655349, 2.5227548013943011]
[17, array([-0.05311939,  0.01973068]), 0.24373652463655349, 2.3653298715651632]
[18, array([ 0.04745992,  0.01973068]), 0.21435781437147527, 2.2170099872982556]
[19, array([-0.00966469, -0.00703242]), 0.037607138020846254, 1.8650701033964374]
[20, array([-0.00966469, -0.00703242]), 0.037607138020846254, 1.7255575316618874]
[21, array([-0.00966469, -0.00703242]), 0.037607138020846254, 1.5445698959883054]
[22, array([-0.00966469, -0.00703242]), 0.037607138020846254, 1.3655768899869214]
[23, array([-0.00966469, -0.00703242]), 0.037607138020846254, 1.0366108248089378]
[24, array([ 0.00441563, -0.00777354]), 0.027413557613684691, 0.77399566243534745]
[25, array([ 0.00441563, -0.00777354]), 0.027413557613684691, 0.58647652059526489]
[26, array([ 0.00441563, -0.00777354]), 0.027413557613684691, 0.47110343849313663]
[27, array([ 0.00441563, -0.00777354]), 0.027413557613684691, 0.37732075335916326]
[28, array([ 0.00441563, -0.00777354]), 0.027413557613684691, 0.29891948428569837]
[29, array([ 0.00441563, -0.00777354]), 0.027413557613684691, 0.25662582769121151]
[30, array([ 0.00441563, -0.00777354]), 0.027413557613684691, 0.20280462187817222]
[31, array([-0.00185511,  0.00200493]), 0.00792457822081305, 0.15908484417174557]
[32, array([-0.00185511,  0.00200493]), 0.00792457822081305, 0.1051455746423378]
[33, array([-0.00185511,  0.00200493]), 0.00792457822081305, 0.08840840632488485]
[34, array([-0.00185511,  0.00200493]), 0.00792457822081305, 0.073941076498658817]
[35, array([-0.00185511,  0.00200493]), 0.00792457822081305, 0.060236760762894102]
[36, array([-0.00056506, -0.00098105]), 0.0032363318664825336, 0.051963225876853245]
[37, array([-0.00056506, -0.00098105]), 0.0032363318664825336, 0.044185025187005691]
[38, array([-0.00056506, -0.00098105]), 0.0032363318664825336, 0.039330926056309765]
[39, array([-0.00056506, -0.00098105]), 0.0032363318664825336, 0.03214500544524812]
[40, array([-0.00056506, -0.00098105]), 0.0032363318664825336, 0.025309799784322441]
[41, array([-0.00056506, -0.00098105]), 0.0032363318664825336, 0.024157673946530435]
[42, array([-0.00056506, -0.00098105]), 0.0032363318664825336, 0.018393242447978242]
[43, array([-0.00056506, -0.00098105]), 0.0032363318664825336, 0.014201426381256344]
[44, array([-0.00067227, -0.00068696]), 0.0027432075607554118, 0.0098187995103457652]
[45, array([ 0.00044038,  0.0002597 ]), 0.0014529976337240846, 0.0069812450414583616]
[46, array([ 0.00044038,  0.0002597 ]), 0.0014529976337240846, 0.0059474075235862681]
[47, array([-0.00033525,  0.00018564]), 0.0010878181717619562, 0.0047778175206887319]
[48, array([-0.00033525,  0.00018564]), 0.0010878181717619562, 0.0038425594551564578]
[49, array([-0.00010589, -0.00030781]), 0.00092350987159806053, 0.0030091608697403239]
[50, array([ -1.15956668e-05,  -1.14246686e-04]), 0.00032514972137009934, 0.0021886758638218319]
[51, array([ -1.15956668e-05,  -1.14246686e-04]), 0.00032514972137009934, 0.0019448956589131149]
[52, array([ -1.15956668e-05,  -1.14246686e-04]), 0.00032514972137009934, 0.001659656171409285]
[53, array([ -1.15956668e-05,  -1.14246686e-04]), 0.00032514972137009934, 0.0013952594685417985]
[54, array([  6.41824688e-05,   2.78723102e-05]), 0.00019804460266259483, 0.0011169910087462931]
[55, array([  6.41824688e-05,   2.78723102e-05]), 0.00019804460266259483, 0.00086038371675654088]
[56, array([  4.53082418e-05,   4.24933986e-05]), 0.0001757962452200168, 0.00073827630060305791]
[57, array([  4.53082418e-05,   4.24933986e-05]), 0.0001757962452200168, 0.0005259299942804496]
[58, array([  4.53082418e-05,   4.24933986e-05]), 0.0001757962452200168, 0.0004430062962986092]
[59, array([  1.04007241e-05,  -3.09332275e-05]), 9.2333923572329724e-05, 0.0003554542039538866]
[60, array([  1.94841987e-05,   2.27284115e-05]), 8.4698049090281557e-05, 0.00028824479594584672]
[61, array([  6.44137141e-06,   5.83270759e-06]), 2.4580333473966931e-05, 0.00026756977650466141]
[62, array([  6.44137141e-06,   5.83270759e-06]), 2.4580333473966931e-05, 0.00018215475013816373]
[63, array([  6.44137141e-06,   5.83270759e-06]), 2.4580333473966931e-05, 0.00017280708291442793]
[64, array([  6.44137141e-06,   5.83270759e-06]), 2.4580333473966931e-05, 0.00013382425312196132]
[65, array([ -3.36916894e-06,  -4.55292788e-06]), 1.6020954526130282e-05, 0.00011214092909943574]
[66, array([ -3.36916894e-06,  -4.55292788e-06]), 1.6020954526130282e-05, 8.5853330190932558e-05]
[67, array([ -3.36916894e-06,  -4.55292788e-06]), 1.6020954526130282e-05, 6.3960427748543933e-05]
[68, array([ -3.36916894e-06,  -4.55292788e-06]), 1.6020954526130282e-05, 5.0709386505420895e-05]
[69, array([ -3.36916894e-06,  -4.55292788e-06]), 1.6020954526130282e-05, 4.2748277715265462e-05]
[70, array([ -3.36916894e-06,  -4.55292788e-06]), 1.6020954526130282e-05, 3.5733651291547377e-05]
[71, array([ -7.96963017e-07,  -3.89146345e-07]), 2.5085423094317605e-06, 3.2021697657302897e-05]
#############################################################
[1, array([ 2.01928793,  2.03696557]), 6.7149233573038138, 17.561696759771905]
[2, array([ 2.01928793,  2.03696557]), 6.7149233573038138, 17.102643378622595]
[3, array([ 2.01928793,  2.03696557]), 6.7149233573038138, 15.39395838820683]
[4, array([-1.08248184,  0.48505253]), 4.8684991967693314, 13.604532506681503]
[5, array([-1.08248184,  0.48505253]), 4.8684991967693314, 12.474594954337332]
[6, array([-1.08248184,  0.48505253]), 4.8684991967693314, 11.088620434154393]
[7, array([-1.08248184,  0.48505253]), 4.8684991967693314, 9.4498771892678661]
[8, array([-1.10036304, -0.83047471]), 4.3530131755138193, 8.1157637253571622]
[9, array([-0.86991968,  1.07257149]), 4.0609691070821654, 7.5436173909911703]
[10, array([ 0.74573444,  0.04644378]), 3.1310487935330831, 6.4936130593116754]
[11, array([ 0.74573444,  0.04644378]), 3.1310487935330831, 5.8354732380367533]
[12, array([ 0.74573444,  0.04644378]), 3.1310487935330831, 5.5067936516515701]
[13, array([-0.10905557, -0.00470518]), 0.59700643128296749, 4.3214895233622981]
[14, array([ 0.05463054,  0.033383  ]), 0.28718195060225371, 3.7281358620922744]
[15, array([ 0.05463054,  0.033383  ]), 0.28718195060225371, 3.5135419575699558]
[16, array([ 0.05463054,  0.033383  ]), 0.28718195060225371, 3.2467252967481754]
[17, array([ 0.05463054,  0.033383  ]), 0.28718195060225371, 2.7631922712273829]
[18, array([ 0.05463054,  0.033383  ]), 0.28718195060225371, 2.4940708769046767]
[19, array([ 0.05463054,  0.033383  ]), 0.28718195060225371, 2.3966768984428146]
[20, array([ 0.05463054,  0.033383  ]), 0.28718195060225371, 2.1060584983554249]
[21, array([ 0.05463054,  0.033383  ]), 0.28718195060225371, 1.4710074405368796]
[22, array([ 0.05463054,  0.033383  ]), 0.28718195060225371, 1.2232393572724864]
[23, array([ 0.05463054,  0.033383  ]), 0.28718195060225371, 1.1738936907986239]
[24, array([ 0.0227884 ,  0.00268636]), 0.078862006187279565, 0.82111308992074894]
[25, array([ 0.0227884 ,  0.00268636]), 0.078862006187279565, 0.62553331087665287]
[26, array([-0.0044179 ,  0.00891551]), 0.030777538642802416, 0.44926269913141947]
[27, array([-0.0044179 ,  0.00891551]), 0.030777538642802416, 0.32148722049157763]
[28, array([-0.0044179 ,  0.00891551]), 0.030777538642802416, 0.25205519839287682]
[29, array([ 0.00272311,  0.00028034]), 0.0079423625816734678, 0.18338583311365708]
[30, array([ 0.00272311,  0.00028034]), 0.0079423625816734678, 0.14803418109285796]
[31, array([ 0.00272311,  0.00028034]), 0.0079423625816734678, 0.12925893570298586]
[32, array([ 0.00272311,  0.00028034]), 0.0079423625816734678, 0.091985942209673419]
[33, array([ 0.00272311,  0.00028034]), 0.0079423625816734678, 0.071161488858164382]
[34, array([ 0.00272311,  0.00028034]), 0.0079423625816734678, 0.05797477582519539]
[35, array([-0.00171994, -0.00043419]), 0.0051011465993231475, 0.046046431045369207]
[36, array([-0.00171994, -0.00043419]), 0.0051011465993231475, 0.034291872535782364]
[37, array([-0.00171994, -0.00043419]), 0.0051011465993231475, 0.023772922761580252]
[38, array([-0.00171994, -0.00043419]), 0.0051011465993231475, 0.017891650562238313]
[39, array([ 0.0011815 ,  0.00079434]), 0.0040808017698812371, 0.012870392457156132]
[40, array([ 0.0011815 ,  0.00079434]), 0.0040808017698812371, 0.011415048533565741]
[41, array([-0.0001918 , -0.00059956]), 0.0017910319881306869, 0.0090105325638153207]
[42, array([-0.0001918 , -0.00059956]), 0.0017910319881306869, 0.006951843382476763]
[43, array([-0.0001918 , -0.00059956]), 0.0017910319881306869, 0.0053538604058155134]
[44, array([-0.00033446,  0.00052741]), 0.0017767840481508479, 0.0042055699328487073]
[45, array([-0.00020616, -0.00041691]), 0.0013212604876646772, 0.0031824542995274817]
[46, array([  1.41753636e-04,   5.10962796e-06]), 0.00040173598259274357, 0.0021620540668949141]
[47, array([  1.41753636e-04,   5.10962796e-06]), 0.00040173598259274357, 0.0020308414442763655]
[48, array([  1.41753636e-04,   5.10962796e-06]), 0.00040173598259274357, 0.0015528001670522152]
[49, array([  1.41753636e-04,   5.10962796e-06]), 0.00040173598259274357, 0.0014092845863065584]
[50, array([ -3.24688579e-05,   1.85785461e-05]), 0.00010584422392811987, 0.00099824306889795267]
[51, array([ -3.24688579e-05,   1.85785461e-05]), 0.00010584422392811987, 0.00079889144079858809]
[52, array([ -3.24688579e-05,   1.85785461e-05]), 0.00010584422392811987, 0.00065068090807658403]
[53, array([ -3.24688579e-05,   1.85785461e-05]), 0.00010584422392811987, 0.00062498367994061614]
[54, array([ -3.24688579e-05,   1.85785461e-05]), 0.00010584422392811987, 0.00048141581358001061]
[55, array([ -3.24688579e-05,   1.85785461e-05]), 0.00010584422392811987, 0.00041531651730677412]
[56, array([ -3.08491228e-05,   8.83291612e-06]), 9.0788149787801586e-05, 0.00030951773409233497]
[57, array([ -9.62804855e-07,   2.37802531e-05]), 6.7330901711404323e-05, 0.00029795917221777659]
[58, array([ -9.62804855e-07,   2.37802531e-05]), 6.7330901711404323e-05, 0.00020240182778872296]
[59, array([ -9.62804855e-07,   2.37802531e-05]), 6.7330901711404323e-05, 0.00019013276807564595]
[60, array([  1.21618444e-05,   8.75291753e-07]), 3.4491822831217434e-05, 0.00014691765906365005]
[61, array([  1.21618444e-05,   8.75291753e-07]), 3.4491822831217434e-05, 0.00011494133337448531]
[62, array([  1.21618444e-05,   8.75291753e-07]), 3.4491822831217434e-05, 8.6943034523745405e-05]
[63, array([ -8.43801585e-06,   3.36920174e-06]), 2.5700701194342201e-05, 7.4954854644726504e-05]
[64, array([ -8.43801585e-06,   3.36920174e-06]), 2.5700701194342201e-05, 5.936675515725298e-05]
[65, array([  3.06880907e-06,   4.15408337e-06]), 1.4608652730618843e-05, 4.9802717127267469e-05]
[66, array([  3.06880907e-06,   4.15408337e-06]), 1.4608652730618843e-05, 4.474647581682589e-05]
[67, array([  1.99977287e-06,   2.27964505e-06]), 8.5773646998354991e-06, 3.9023913291647003e-05]
#############################################################
[1, array([ 2.01928793,  2.03696557]), 6.7149233573038138, 18.220995236072945]
[2, array([ 2.01928793,  2.03696557]), 6.7149233573038138, 16.937665204717586]
[3, array([ 2.01928793,  2.03696557]), 6.7149233573038138, 15.508006414743921]
[4, array([ 2.01928793,  2.03696557]), 6.7149233573038138, 14.738969379323105]
[5, array([ 2.01928793,  2.03696557]), 6.7149233573038138, 14.074070889910249]
[6, array([ 2.01928793,  2.03696557]), 6.7149233573038138, 13.296669818318151]
[7, array([ 2.01928793,  2.03696557]), 6.7149233573038138, 12.11677302013271]
[8, array([ 2.01928793,  2.03696557]), 6.7149233573038138, 10.662525885266106]
[9, array([-0.46975083, -0.80420291]), 4.4631602768463807, 9.4690886499737186]
[10, array([ 0.28173059, -0.67113778]), 3.9605225292013029, 8.2156797838290867]
[11, array([ 0.28173059, -0.67113778]), 3.9605225292013029, 7.6068258868444358]
[12, array([-0.81491226,  0.09586868]), 3.0684805896649334, 6.381700270200322]
[13, array([-0.88230585, -0.08693466]), 2.8569710184719068, 5.7474197472647024]
[14, array([ 0.21084598,  0.23372375]), 2.400427978905459, 5.2455453733343713]
[15, array([ 0.21084598,  0.23372375]), 2.400427978905459, 5.0157821540855476]
[16, array([ 0.21084598,  0.23372375]), 2.400427978905459, 4.5290064761034552]
[17, array([ 0.02608398,  0.31744444]), 2.2658274379979031, 4.127464504477329]
[18, array([ 0.09930157, -0.01063767]), 0.52763481826530922, 3.2464808830840424]
[19, array([ 0.09930157, -0.01063767]), 0.52763481826530922, 2.6901377233121115]
[20, array([ 0.09930157, -0.01063767]), 0.52763481826530922, 2.4699769449993134]
[21, array([ 0.09930157, -0.01063767]), 0.52763481826530922, 2.3547322103178319]
[22, array([ 0.06867906, -0.05557605]), 0.44729506755472004, 2.1468798527448514]
[23, array([-0.01890964,  0.05944571]), 0.27701646372711908, 1.8182406046795296]
[24, array([-0.01890964,  0.05944571]), 0.27701646372711908, 1.6659108388699884]
[25, array([-0.00457273, -0.06123667]), 0.27104958718044303, 1.4730821143437387]
[26, array([-0.00457273, -0.06123667]), 0.27104958718044303, 1.2771149084166411]
[27, array([-0.03591487, -0.00184642]), 0.13579008661007252, 0.98575255211074031]
[28, array([ 0.00450926, -0.02270643]), 0.079686990732892315, 0.729339354623324]
[29, array([ 0.00450926, -0.02270643]), 0.079686990732892315, 0.60648066168411474]
[30, array([ 0.00450926, -0.02270643]), 0.079686990732892315, 0.42171002466758145]
[31, array([ 0.01382206, -0.01403769]), 0.066029311670075419, 0.3655954666732516]
[32, array([ 0.01382206, -0.01403769]), 0.066029311670075419, 0.3172980827422972]
[33, array([ 0.01382206, -0.01403769]), 0.066029311670075419, 0.24201399192803494]
[34, array([ 0.01382206, -0.01403769]), 0.066029311670075419, 0.21761840263267809]
[35, array([ 0.00151872, -0.00771717]), 0.023892577151777505, 0.17203153585112957]
[36, array([ 0.00151872, -0.00771717]), 0.023892577151777505, 0.14994516401976526]
[37, array([ 0.00151872, -0.00771717]), 0.023892577151777505, 0.13613572732712767]
[38, array([ 0.00151872, -0.00771717]), 0.023892577151777505, 0.10629730038978566]
[39, array([-0.00052175, -0.00771717]), 0.023469605341891242, 0.084249133634265311]
[40, array([  1.54069477e-03,   5.76020151e-05]), 0.0044240833908593125, 0.056499730265017069]
[41, array([  1.54069477e-03,   5.76020151e-05]), 0.0044240833908593125, 0.046792907528708572]
[42, array([  1.54069477e-03,   5.76020151e-05]), 0.0044240833908593125, 0.040435506564336254]
[43, array([  1.54069477e-03,   5.76020151e-05]), 0.0044240833908593125, 0.031830854479626768]
[44, array([  1.54069477e-03,   5.76020151e-05]), 0.0044240833908593125, 0.027079943187891597]
[45, array([  1.54069477e-03,   5.76020151e-05]), 0.0044240833908593125, 0.018790757388349722]
[46, array([  1.54069477e-03,   5.76020151e-05]), 0.0044240833908593125, 0.014674138069922816]
[47, array([  1.54069477e-03,   5.76020151e-05]), 0.0044240833908593125, 0.011570576859014903]
[48, array([  1.54069477e-03,   5.76020151e-05]), 0.0044240833908593125, 0.010140807871345015]
[49, array([-0.00087088, -0.00059282]), 0.0030093160811408559, 0.00866245339569458]
[50, array([-0.00104246, -0.0001465 ]), 0.003007010059616011, 0.0070165331793513811]
[51, array([ 0.00015592, -0.00026715]), 0.00087745762156332674, 0.0059844284724831272]
[52, array([ 0.00015592, -0.00026715]), 0.00087745762156332674, 0.004525695895745141]
[53, array([ 0.00015592, -0.00026715]), 0.00087745762156332674, 0.0041829689069365905]
[54, array([ 0.00015592, -0.00026715]), 0.00087745762156332674, 0.0037314063787213135]
[55, array([  2.78810831e-04,  -1.66761306e-05]), 0.00079208280352505156, 0.0027799915231073945]
[56, array([  2.38466815e-05,  -1.73261498e-04]), 0.00049549187044961585, 0.0021804601666391755]
[57, array([ -2.21894015e-05,   8.59993914e-05]), 0.00025141936455286285, 0.0017122437157687464]
[58, array([ -2.21894015e-05,   8.59993914e-05]), 0.00025141936455286285, 0.0013562022432345167]
[59, array([ -2.21894015e-05,   8.59993914e-05]), 0.00025141936455286285, 0.0011820870252083004]
[60, array([ -2.21894015e-05,   8.59993914e-05]), 0.00025141936455286285, 0.00090990193601685481]
[61, array([ -2.07960616e-05,  -1.66497610e-05]), 7.5368255910479576e-05, 0.00069080029265604641]
[62, array([ -2.07960616e-05,  -1.66497610e-05]), 7.5368255910479576e-05, 0.00052231321116620317]
[63, array([ -2.07960616e-05,  -1.66497610e-05]), 7.5368255910479576e-05, 0.00048500219066793804]
[64, array([ -2.07960616e-05,  -1.66497610e-05]), 7.5368255910479576e-05, 0.00041508700437775659]
[65, array([ -2.07960616e-05,  -1.66497610e-05]), 7.5368255910479576e-05, 0.00034962490405652245]
[66, array([ -2.07960616e-05,  -1.66497610e-05]), 7.5368255910479576e-05, 0.00030290096132778999]
[67, array([ -2.07960616e-05,  -1.66497610e-05]), 7.5368255910479576e-05, 0.00027724663049371044]
[68, array([ -3.96787513e-07,  -2.32723162e-06]), 6.6775415139552763e-06, 0.00019961405751489636]
#############################################################
[1, array([ 2.01928793,  2.03696557]), 6.7149233573038138, 18.445102316340776]
[2, array([ 2.01928793,  2.03696557]), 6.7149233573038138, 17.599978044808392]
[3, array([ 2.01928793,  2.03696557]), 6.7149233573038138, 16.79590274991504]
[4, array([ 2.01928793,  2.03696557]), 6.7149233573038138, 16.282616625729947]
[5, array([ 2.01928793,  2.03696557]), 6.7149233573038138, 15.927921622915568]
[6, array([-0.56329175, -0.10136636]), 3.3306250363672558, 14.186060229033492]
[7, array([-0.56329175, -0.10136636]), 3.3306250363672558, 12.994805414068063]
[8, array([-0.56329175, -0.10136636]), 3.3306250363672558, 12.682661477752907]
[9, array([-0.56329175, -0.10136636]), 3.3306250363672558, 11.77306076894584]
[10, array([-0.56329175, -0.10136636]), 3.3306250363672558, 11.074886524489774]
[11, array([-0.27059972,  0.20655383]), 2.5855434539755433, 9.7501974206909079]
[12, array([-0.27059972,  0.20655383]), 2.5855434539755433, 8.6383599636044881]
[13, array([-0.27059972,  0.20655383]), 2.5855434539755433, 8.3987382850040202]
[14, array([ 0.36889582, -0.0059542 ]), 2.5616467267530827, 7.9717159097951535]
[15, array([ 0.36889582, -0.0059542 ]), 2.5616467267530827, 7.2164480407753118]
[16, array([ 0.36889582, -0.0059542 ]), 2.5616467267530827, 6.2377073458804242]
[17, array([-0.11803983, -0.25996328]), 2.1084440849875787, 5.4747691753618399]
[18, array([-0.11803983, -0.25996328]), 2.1084440849875787, 4.7520560143864223]
[19, array([-0.04037131, -0.27716976]), 2.0046034276769125, 3.749030082017152]
[20, array([ 0.16454806, -0.1832993 ]), 1.8201718393998196, 3.5211871032206665]
[21, array([ 0.16454806, -0.1832993 ]), 1.8201718393998196, 3.1726470775346725]
[22, array([ 0.16454806, -0.1832993 ]), 1.8201718393998196, 3.0704346955826618]
[23, array([ 0.08290155, -0.10667981]), 0.81374194813184575, 2.5143010547677824]
[24, array([-0.08121495, -0.0265707 ]), 0.42565690684011459, 2.1913502290740476]
[25, array([-0.08121495, -0.0265707 ]), 0.42565690684011459, 1.5717755061615617]
[26, array([ 0.00222376, -0.06877201]), 0.31589908908470266, 1.0871554646613515]
[27, array([ 0.00222376, -0.06877201]), 0.31589908908470266, 0.92271728397344466]
[28, array([ 0.00322113,  0.02799972]), 0.10073312584922833, 0.65973171265828401]
[29, array([ 0.00322113,  0.02799972]), 0.10073312584922833, 0.48738240771270541]
[30, array([ 0.00322113,  0.02799972]), 0.10073312584922833, 0.36649714933514443]
[31, array([-0.01320167,  0.00759662]), 0.049248155407291438, 0.30039638142665759]
[32, array([-0.01320167,  0.00759662]), 0.049248155407291438, 0.20305021597724132]
[33, array([ 0.00738553, -0.00879087]), 0.035981873129391051, 0.15370833322409458]
[34, array([ 0.00738553, -0.00879087]), 0.035981873129391051, 0.12486489037442298]
[35, array([ 0.00738553, -0.00879087]), 0.035981873129391051, 0.10292791055730097]
[36, array([ 0.00010351,  0.00931187]), 0.028647184066806108, 0.084709438557379266]
[37, array([-0.00199044,  0.00465155]), 0.014992024664586712, 0.060272690030774088]
[38, array([-0.00199044,  0.00465155]), 0.014992024664586712, 0.044606673205400058]
[39, array([ 0.00106995,  0.00054658]), 0.0034367140634512516, 0.037666204469358797]
[40, array([ 0.00106995,  0.00054658]), 0.0034367140634512516, 0.032801253334057014]
[41, array([ 0.00106995,  0.00054658]), 0.0034367140634512516, 0.026986215188773512]
[42, array([ -5.71422404e-05,   3.35706530e-04]), 0.00096626646031383601, 0.019993880972567359]
[43, array([ -5.71422404e-05,   3.35706530e-04]), 0.00096626646031383601, 0.015356731292744907]
[44, array([ -5.71422404e-05,   3.35706530e-04]), 0.00096626646031383601, 0.014537970056854111]
[45, array([ -5.71422404e-05,   3.35706530e-04]), 0.00096626646031383601, 0.011246420172137218]
[46, array([ -5.71422404e-05,   3.35706530e-04]), 0.00096626646031383601, 0.0094881437105068574]
[47, array([ -5.71422404e-05,   3.35706530e-04]), 0.00096626646031383601, 0.0080121585759958865]
[48, array([ -5.71422404e-05,   3.35706530e-04]), 0.00096626646031383601, 0.0063564104307386234]
[49, array([ -5.71422404e-05,   3.35706530e-04]), 0.00096626646031383601, 0.0043373749005637839]
[50, array([-0.00016514, -0.00012181]), 0.00058151092784131109, 0.0032199626512780634]
[51, array([-0.00016514, -0.00012181]), 0.00058151092784131109, 0.0022930967388655964]
[52, array([ -2.46496492e-05,  -1.66929464e-05]), 8.4226196591874469e-05, 0.0017666877295739348]
[53, array([ -2.46496492e-05,  -1.66929464e-05]), 8.4226196591874469e-05, 0.0013582364847109397]
[54, array([ -2.46496492e-05,  -1.66929464e-05]), 8.4226196591874469e-05, 0.0010652790633097985]
[55, array([ -2.46496492e-05,  -1.66929464e-05]), 8.4226196591874469e-05, 0.00090086564515425851]
[56, array([ -2.46496492e-05,  -1.66929464e-05]), 8.4226196591874469e-05, 0.00082204444993587704]
[57, array([ -2.46496492e-05,  -1.66929464e-05]), 8.4226196591874469e-05, 0.00074353213621085605]
[58, array([ -2.46496492e-05,  -1.66929464e-05]), 8.4226196591874469e-05, 0.00056323174202885793]
[59, array([ -2.46496492e-05,  -1.66929464e-05]), 8.4226196591874469e-05, 0.0004830671795013508]
[60, array([ -2.46496492e-05,  -1.66929464e-05]), 8.4226196591874469e-05, 0.00043459631390847521]
[61, array([ -2.46496492e-05,  -1.66929464e-05]), 8.4226196591874469e-05, 0.00033754918019708314]
[62, array([ -2.46496492e-05,  -1.66929464e-05]), 8.4226196591874469e-05, 0.0002743570597195877]
[63, array([ -2.46496492e-05,  -1.66929464e-05]), 8.4226196591874469e-05, 0.00023099384185707451]
[64, array([  8.83300231e-06,   1.03829636e-05]), 3.8561697480066215e-05, 0.0001842104061187122]
[65, array([ -4.05430708e-06,  -5.53121200e-06]), 1.9398512400403689e-05, 0.00015233391811753094]
[66, array([ -3.50114182e-06,   5.18174651e-08]), 9.9041354713058638e-06, 0.00012245937530037666]
#############################################################
