[1, array([ 2.01928793,  2.03696557]), 6.7149233573038138, 18.667852239447242]
[2, array([ 2.01928793,  2.03696557]), 6.7149233573038138, 17.52377354384145]
[3, array([ 2.01928793,  2.03696557]), 6.7149233573038138, 16.870732230610695]
[4, array([ 2.01928793,  2.03696557]), 6.7149233573038138, 16.617876335991035]
[5, array([ 2.01928793,  2.03696557]), 6.7149233573038138, 16.571250172763307]
[6, array([ 2.01928793,  2.03696557]), 6.7149233573038138, 15.911200740391536]
[7, array([ 2.01928793,  2.03696557]), 6.7149233573038138, 15.036409619631025]
[8, array([ 2.01928793,  2.03696557]), 6.7149233573038138, 14.550269746769203]
[9, array([ 2.01928793,  2.03696557]), 6.7149233573038138, 13.922279276085874]
[10, array([ 2.01928793,  2.03696557]), 6.7149233573038138, 13.609289036861075]
[11, array([ 2.01928793,  2.03696557]), 6.7149233573038138, 13.236784428690868]
[12, array([ 0.01559301, -1.62030472]), 5.6710628831585126, 12.430961175859547]
[13, array([ 0.01559301, -1.62030472]), 5.6710628831585126, 12.154512389096405]
[14, array([ 1.24330392,  0.433614  ]), 5.4698487442801529, 10.828471493936698]
[15, array([ 0.01559301, -0.40368259]), 2.7386474200469881, 10.340603714013154]
[16, array([ 0.01559301, -0.40368259]), 2.7386474200469881, 8.9996573536761559]
[17, array([ 0.01559301, -0.40368259]), 2.7386474200469881, 8.8548131234972978]
[18, array([ 0.01559301, -0.40368259]), 2.7386474200469881, 8.4173956825700831]
[19, array([ 0.01559301, -0.40368259]), 2.7386474200469881, 8.0203553482577075]
[20, array([ 0.01559301, -0.40368259]), 2.7386474200469881, 7.9465264869214991]
[21, array([ 0.19568257, -0.03356066]), 1.3444284278574092, 6.9347455897653871]
[22, array([ 0.19568257, -0.03356066]), 1.3444284278574092, 6.3491925274635133]
[23, array([ 0.19568257, -0.03356066]), 1.3444284278574092, 5.7346845028105244]
[24, array([ 0.19568257, -0.03356066]), 1.3444284278574092, 5.5164859917732709]
[25, array([ 0.01559301, -0.13403032]), 0.80176453013368887, 4.8674812807872669]
[26, array([ 0.01559301, -0.13403032]), 0.80176453013368887, 4.4503698371961882]
[27, array([ 0.01559301, -0.13403032]), 0.80176453013368887, 4.1094513628634974]
[28, array([ 0.01559301, -0.13403032]), 0.80176453013368887, 3.9616737847617856]
[29, array([ 0.01559301, -0.13403032]), 0.80176453013368887, 3.6086428412848037]
[30, array([ 0.01559301, -0.13403032]), 0.80176453013368887, 3.5018934972351103]
[31, array([ 0.01559301, -0.13403032]), 0.80176453013368887, 3.3499462003983185]
[32, array([ 0.01559301, -0.13403032]), 0.80176453013368887, 3.232827766941349]
[33, array([ 0.01559301, -0.13403032]), 0.80176453013368887, 3.0512776276698363]
[34, array([ 0.01559301, -0.13403032]), 0.80176453013368887, 2.9689288901179411]
[35, array([-0.13187861, -0.0257102 ]), 0.79810699443257649, 2.6884434592526509]
[36, array([-0.13187861, -0.0257102 ]), 0.79810699443257649, 2.6028150692198593]
[37, array([-0.13187861, -0.0257102 ]), 0.79810699443257649, 2.3876647194596177]
[38, array([-0.0378231 ,  0.00193882]), 0.14486628674047752, 2.0755604294678318]
[39, array([-0.0378231 ,  0.00193882]), 0.14486628674047752, 1.926625799665779]
[40, array([-0.0378231 ,  0.00193882]), 0.14486628674047752, 1.6018765196344926]
[41, array([-0.0378231 ,  0.00193882]), 0.14486628674047752, 1.3425819758129083]
[42, array([-0.0378231 ,  0.00193882]), 0.14486628674047752, 1.2110195045662533]
[43, array([-0.0378231 ,  0.00193882]), 0.14486628674047752, 0.87741701146421991]
[44, array([ 0.0205116 ,  0.02303058]), 0.11239791363982876, 0.61275968614608567]
[45, array([ 0.0205116 ,  0.02303058]), 0.11239791363982876, 0.52849352850337838]
[46, array([ 0.01559301,  0.01720683]), 0.079986332346699829, 0.47404586003913496]
[47, array([ 0.01559301,  0.01720683]), 0.079986332346699829, 0.35923004522159019]
[48, array([-0.01684801,  0.01546577]), 0.07856636904256975, 0.28517006340460177]
[49, array([-0.01684801,  0.01546577]), 0.07856636904256975, 0.24644277011676499]
[50, array([ 0.00633078,  0.00193882]), 0.019893995387910923, 0.20385375507975487]
[51, array([ 0.00633078,  0.00193882]), 0.019893995387910923, 0.16377913626064561]
[52, array([ 0.00633078,  0.00193882]), 0.019893995387910923, 0.14184137619252021]
[53, array([ 0.00633078,  0.00193882]), 0.019893995387910923, 0.13583138646170215]
[54, array([ 0.00633078,  0.00193882]), 0.019893995387910923, 0.11724874112424369]
[55, array([ 0.00633078,  0.00193882]), 0.019893995387910923, 0.11533353493766763]
[56, array([ 0.00019397,  0.00084834]), 0.0024815637320299011, 0.071430793478778384]
[57, array([ 0.00019397,  0.00084834]), 0.0024815637320299011, 0.058387961124174569]
[58, array([ 0.00019397,  0.00084834]), 0.0024815637320299011, 0.052904472464425201]
[59, array([ 0.00019397,  0.00084834]), 0.0024815637320299011, 0.044762778404797657]
[60, array([ 0.00019397,  0.00084834]), 0.0024815637320299011, 0.041405754695684839]
[61, array([ 0.00019397,  0.00084834]), 0.0024815637320299011, 0.038902665347028617]
[62, array([ 0.00019397,  0.00084834]), 0.0024815637320299011, 0.023990733200936719]
[63, array([-0.00022634, -0.00079375]), 0.0023526989217441674, 0.019617434495045584]
[64, array([ 0.00014853,  0.00041985]), 0.0012649136849245401, 0.017103010576487332]
[65, array([ 0.00014853,  0.00041985]), 0.0012649136849245401, 0.01630407696619942]
[66, array([ 0.00014853,  0.00041985]), 0.0012649136849245401, 0.012950958614252439]
[67, array([ 0.00014853,  0.00041985]), 0.0012649136849245401, 0.010423550133150794]
[68, array([ 0.00014853,  0.00041985]), 0.0012649136849245401, 0.010210721712373338]
[69, array([ 0.00014853,  0.00041985]), 0.0012649136849245401, 0.0097516532855542511]
[70, array([ 0.00014853,  0.00041985]), 0.0012649136849245401, 0.0086319709587157518]
[71, array([ 0.00014853,  0.00041985]), 0.0012649136849245401, 0.0075879782786864251]
[72, array([ 0.00014853,  0.00041985]), 0.0012649136849245401, 0.0070150095195008252]
[73, array([ 0.00014853,  0.00041985]), 0.0012649136849245401, 0.0062490679329324731]
[74, array([ 0.00014853,  0.00041985]), 0.0012649136849245401, 0.0054578590235638382]
[75, array([ 0.00014853,  0.00041985]), 0.0012649136849245401, 0.0052805004902951149]
[76, array([ 0.00014853,  0.00041985]), 0.0012649136849245401, 0.004600256474104736]
[77, array([-0.00024058, -0.00032059]), 0.001137975699013527, 0.0039014025624378055]
[78, array([-0.00024058, -0.00032059]), 0.001137975699013527, 0.0038180819048652557]
[79, array([-0.00021451, -0.00029868]), 0.0010437038091706263, 0.0032719851691076053]
[80, array([-0.00021451, -0.00029868]), 0.0010437038091706263, 0.0031080383964098069]
[81, array([  2.66731290e-04,  -5.98382066e-05]), 0.00077517127480364323, 0.002551058857381161]
[82, array([ -1.77339782e-05,   2.45010291e-04]), 0.00069641353339422452, 0.0023050536507612128]
[83, array([ -2.34009506e-05,  -1.05332804e-04]), 0.00030549985377037459, 0.0017730290461398291]
[84, array([ -2.34009506e-05,  -1.05332804e-04]), 0.00030549985377037459, 0.0012461662880654423]
[85, array([ -2.34009506e-05,  -1.05332804e-04]), 0.00030549985377037459, 0.0010923100923730723]
[86, array([ -2.34009506e-05,  -1.05332804e-04]), 0.00030549985377037459, 0.00097223300682331977]
[87, array([  3.03948552e-05,  -1.15723901e-05]), 9.2018054460130116e-05, 0.00077264797864797787]
[88, array([  3.03948552e-05,  -1.15723901e-05]), 9.2018054460130116e-05, 0.00068929067549285963]
[89, array([  3.15180232e-05,   1.98388672e-06]), 8.9349413805894784e-05, 0.00061707117569538279]
[90, array([  3.15180232e-05,   1.98388672e-06]), 8.9349413805894784e-05, 0.00054294418473856967]
[91, array([ -1.77339782e-05,  -1.52360439e-05]), 6.6143582249100774e-05, 0.00044848077707646537]
[92, array([ -1.77339782e-05,  -1.52360439e-05]), 6.6143582249100774e-05, 0.00037502844614811792]
[93, array([ -1.67403568e-05,  -5.28872477e-06]), 4.9663833526114587e-05, 0.00028716201556369116]
[94, array([ -1.67403568e-05,  -5.28872477e-06]), 4.9663833526114587e-05, 0.00026566284640123784]
[95, array([ -1.67403568e-05,  -5.28872477e-06]), 4.9663833526114587e-05, 0.00023933419894133222]
[96, array([ -1.67403568e-05,  -5.28872477e-06]), 4.9663833526114587e-05, 0.00020758098619291231]
[97, array([ -1.67403568e-05,  -5.28872477e-06]), 4.9663833526114587e-05, 0.00017998099893334896]
[98, array([ -7.71506043e-06,  -1.57544167e-08]), 2.1823116675978582e-05, 0.00014326352342939331]
[99, array([ -2.55595251e-06,   1.98388672e-06]), 9.1517594147383363e-06, 0.00012216060873013746]
#############################################################
[1, array([ 2.01928793,  2.03696557]), 6.7149233573038138, 18.566607405683051]
[2, array([ 2.01928793,  2.03696557]), 6.7149233573038138, 18.129433939826722]
[3, array([ 2.01928793,  2.03696557]), 6.7149233573038138, 17.841416099782162]
[4, array([ 2.01928793,  2.03696557]), 6.7149233573038138, 16.562169552483507]
[5, array([ 2.01928793,  2.03696557]), 6.7149233573038138, 16.371528019230777]
[6, array([ 2.01928793,  2.03696557]), 6.7149233573038138, 15.367923499323501]
[7, array([ 2.01928793,  2.03696557]), 6.7149233573038138, 14.73339136803151]
[8, array([-1.25522935, -0.36808946]), 5.3943878593717329, 13.901272145933081]
[9, array([-1.25522935, -0.36808946]), 5.3943878593717329, 12.641456092996442]
[10, array([-1.25522935, -0.36808946]), 5.3943878593717329, 12.484373614639171]
[11, array([-1.25522935, -0.36808946]), 5.3943878593717329, 11.818664016684403]
[12, array([-1.25522935, -0.36808946]), 5.3943878593717329, 11.295982089862253]
[13, array([-0.46590579, -0.83724426]), 4.4566235252881228, 10.091253986180845]
[14, array([-0.9064578 ,  0.74803838]), 4.2741327727933189, 9.2217517480942508]
[15, array([-0.9064578 ,  0.74803838]), 4.2741327727933189, 8.8260212084140939]
[16, array([ 0.0589693 ,  0.73615957]), 3.1757525414732943, 7.4890283690852808]
[17, array([ 0.0589693 ,  0.73615957]), 3.1757525414732943, 6.7518555020616402]
[18, array([ 0.0589693 ,  0.73615957]), 3.1757525414732943, 6.6758520106300283]
[19, array([ 0.0589693 ,  0.73615957]), 3.1757525414732943, 5.8599960209781248]
[20, array([ 0.0589693 ,  0.73615957]), 3.1757525414732943, 5.2234544571212753]
[21, array([-0.04097823,  1.02275612]), 2.7533683374057962, 4.5737288100217253]
[22, array([-0.04097823,  1.02275612]), 2.7533683374057962, 4.1956763086719233]
[23, array([-0.04097823,  1.02275612]), 2.7533683374057962, 4.1239893258830147]
[24, array([-0.04097823,  1.02275612]), 2.7533683374057962, 4.0796885912583152]
[25, array([-0.04097823,  1.02275612]), 2.7533683374057962, 3.9651682306259759]
[26, array([ 0.10958419, -0.35613804]), 2.6650682586693049, 3.8625148868761494]
[27, array([-0.06600911, -0.31970269]), 2.3422782443157542, 3.5550679297163699]
[28, array([ 0.10958419, -0.10766391]), 0.97538645150677583, 3.458836569651679]
[29, array([ 0.10958419, -0.10766391]), 0.97538645150677583, 3.2872833359510238]
[30, array([ 0.10958419, -0.10766391]), 0.97538645150677583, 2.9349748404412117]
[31, array([ 0.10958419, -0.10766391]), 0.97538645150677583, 2.8889446421729135]
[32, array([ 0.10958419, -0.10766391]), 0.97538645150677583, 2.7875000712262747]
[33, array([ 0.05725492, -0.00814509]), 0.25025240527106307, 2.4802549745504638]
[34, array([ 0.05725492, -0.00814509]), 0.25025240527106307, 2.3164570321985738]
[35, array([ 0.05725492, -0.00814509]), 0.25025240527106307, 2.1132943908267352]
[36, array([ 0.05725492, -0.00814509]), 0.25025240527106307, 1.9533500446558687]
[37, array([ 0.05725492, -0.00814509]), 0.25025240527106307, 1.7236867017736834]
[38, array([-0.01802406, -0.01570723]), 0.082784227959951995, 1.3521750009832967]
[39, array([-0.01802406, -0.01570723]), 0.082784227959951995, 1.2586549517381098]
[40, array([-0.01802406, -0.01570723]), 0.082784227959951995, 1.069398980854388]
[41, array([-0.01802406, -0.01570723]), 0.082784227959951995, 0.92859138515335626]
[42, array([-0.00255399, -0.01430058]), 0.046697963735269798, 0.73975827667800331]
[43, array([-0.00255399, -0.01430058]), 0.046697963735269798, 0.65806748758510702]
[44, array([-0.00255399, -0.01430058]), 0.046697963735269798, 0.58739732324211325]
[45, array([-0.00255399, -0.01430058]), 0.046697963735269798, 0.45691160049291657]
[46, array([-0.00255399, -0.01430058]), 0.046697963735269798, 0.3960537694742568]
[47, array([-0.00255399, -0.01430058]), 0.046697963735269798, 0.29279136642423992]
[48, array([-0.00255399, -0.01430058]), 0.046697963735269798, 0.25123565841830925]
[49, array([-0.00255399, -0.01430058]), 0.046697963735269798, 0.17918609604096264]
[50, array([ 0.00612207,  0.01194838]), 0.042766404604535513, 0.1508566075155188]
[51, array([ 0.00604485,  0.00266261]), 0.019843954221130833, 0.14299005274973497]
[52, array([ 0.00604485,  0.00266261]), 0.019843954221130833, 0.14020330023848607]
[53, array([ 0.00601925, -0.0014476 ]), 0.018530717883973313, 0.10758852185648289]
[54, array([ 0.00601925, -0.0014476 ]), 0.018530717883973313, 0.098262626606252734]
[55, array([ 0.00601925, -0.0014476 ]), 0.018530717883973313, 0.0889755973527179]
[56, array([ 0.00601925, -0.0014476 ]), 0.018530717883973313, 0.080052515144762901]
[57, array([ 0.00601925, -0.0014476 ]), 0.018530717883973313, 0.072207218794168332]
[58, array([ 0.00601925, -0.0014476 ]), 0.018530717883973313, 0.0612731860845801]
[59, array([ 0.00251017,  0.00025728]), 0.0073065568324541807, 0.049996323745013616]
[60, array([ 0.00251017,  0.00025728]), 0.0073065568324541807, 0.045417391904641044]
[61, array([ 0.00251017,  0.00025728]), 0.0073065568324541807, 0.036378435212487494]
[62, array([ 0.00251017,  0.00025728]), 0.0073065568324541807, 0.029441924244336538]
[63, array([ 0.00025251, -0.0009742 ]), 0.0028734871930322647, 0.023894459220849117]
[64, array([ 0.00025251, -0.0009742 ]), 0.0028734871930322647, 0.023194023406043218]
[65, array([ 0.00025251, -0.0009742 ]), 0.0028734871930322647, 0.019814292154482428]
[66, array([ 0.00025251, -0.0009742 ]), 0.0028734871930322647, 0.018587268828518778]
[67, array([ 0.00025251, -0.0009742 ]), 0.0028734871930322647, 0.016742119617346861]
[68, array([ 0.00025251, -0.0009742 ]), 0.0028734871930322647, 0.015202385020471798]
[69, array([ 0.00046195, -0.00070873]), 0.002411871920316333, 0.014552884783759356]
[70, array([ 0.00046195, -0.00070873]), 0.002411871920316333, 0.013940545325654075]
[71, array([ 0.00046195, -0.00070873]), 0.002411871920316333, 0.011985077336179817]
[72, array([ 0.0008275 , -0.00014478]), 0.0023948567083889039, 0.010136102079797472]
[73, array([ 0.0008275 , -0.00014478]), 0.0023948567083889039, 0.0082345392742269926]
[74, array([ -4.49358114e-05,   2.57278194e-04]), 0.00074052493727494451, 0.0065495216439562572]
[75, array([ -4.49358114e-05,   2.57278194e-04]), 0.00074052493727494451, 0.0059003800420712512]
[76, array([ -4.49358114e-05,   2.57278194e-04]), 0.00074052493727494451, 0.0053137465325744596]
[77, array([ -4.49358114e-05,   2.57278194e-04]), 0.00074052493727494451, 0.004597261964955468]
[78, array([ -4.49358114e-05,   2.57278194e-04]), 0.00074052493727494451, 0.0041991814122737557]
[79, array([ -4.49358114e-05,   2.57278194e-04]), 0.00074052493727494451, 0.0038900664447898414]
[80, array([ -4.49358114e-05,   2.57278194e-04]), 0.00074052493727494451, 0.0036666315450843536]
[81, array([ -4.49358114e-05,   2.57278194e-04]), 0.00074052493727494451, 0.0033298767918512164]
[82, array([ -4.49358114e-05,   2.57278194e-04]), 0.00074052493727494451, 0.0031667535954986725]
[83, array([ -4.49358114e-05,   2.57278194e-04]), 0.00074052493727494451, 0.0028595127830178591]
[84, array([ -4.49358114e-05,   2.57278194e-04]), 0.00074052493727494451, 0.0026684466733704502]
[85, array([ -4.49358114e-05,   2.57278194e-04]), 0.00074052493727494451, 0.0025161156959573995]
[86, array([ -4.49358114e-05,   2.57278194e-04]), 0.00074052493727494451, 0.002244413394675693]
[87, array([  2.30125147e-04,  -3.23386629e-05]), 0.00065872561457469558, 0.0017575105612226416]
[88, array([  1.48243920e-04,   1.70321775e-05]), 0.00042264841051364854, 0.0015663165174705008]
[89, array([  1.48243920e-04,   1.70321775e-05]), 0.00042264841051364854, 0.0012489903958171843]
[90, array([  1.48243920e-04,   1.70321775e-05]), 0.00042264841051364854, 0.0011900001001866833]
[91, array([  1.83954879e-05,   6.11498894e-06]), 5.4839711304044414e-05, 0.0010026953046065935]
[92, array([  1.83954879e-05,   6.11498894e-06]), 5.4839711304044414e-05, 0.00083201736535079009]
[93, array([  1.83954879e-05,   6.11498894e-06]), 5.4839711304044414e-05, 0.00080715219981319919]
[94, array([  1.83954879e-05,   6.11498894e-06]), 5.4839711304044414e-05, 0.00075615423731028035]
[95, array([  1.83954879e-05,   6.11498894e-06]), 5.4839711304044414e-05, 0.00067553144469103545]
[96, array([  1.83954879e-05,   6.11498894e-06]), 5.4839711304044414e-05, 0.00065588086170711437]
[97, array([  1.83954879e-05,   6.11498894e-06]), 5.4839711304044414e-05, 0.00052812852432362336]
[98, array([  1.83954879e-05,   6.11498894e-06]), 5.4839711304044414e-05, 0.00047153224512390678]
[99, array([  1.20258513e-05,   6.11498894e-06]), 3.8163902314369835e-05, 0.00042685840583986943]
[100, array([  1.20258513e-05,   6.11498894e-06]), 3.8163902314369835e-05, 0.00036144442184076196]
[101, array([  1.20258513e-05,   6.11498894e-06]), 3.8163902314369835e-05, 0.00028566129522333839]
[102, array([  1.20258513e-05,   6.11498894e-06]), 3.8163902314369835e-05, 0.00024154126853543901]
[103, array([  1.20258513e-05,   6.11498894e-06]), 3.8163902314369835e-05, 0.00021852128842452244]
[104, array([  1.20258513e-05,   6.11498894e-06]), 3.8163902314369835e-05, 0.00020923934389651677]
[105, array([  1.20258513e-05,   6.11498894e-06]), 3.8163902314369835e-05, 0.0001579310026476044]
[106, array([  1.20258513e-05,   6.11498894e-06]), 3.8163902314369835e-05, 0.00013606999223823025]
[107, array([  9.69200578e-06,  -5.52559815e-06]), 3.1558625920968808e-05, 0.00012359909066050889]
[108, array([  9.69200578e-06,  -5.52559815e-06]), 3.1558625920968808e-05, 0.00011119885966506259]
[109, array([  9.69200578e-06,  -5.52559815e-06]), 3.1558625920968808e-05, 0.00010715258881033307]
[110, array([  5.42419936e-06,   7.10468619e-06]), 2.5284295916083721e-05, 0.00010260766448064729]
[111, array([  6.19391140e-07,   2.67982223e-06]), 7.7797091653231121e-06, 7.9184230232076655e-05]
#############################################################
[1, array([ 2.01928793,  2.03696557]), 6.7149233573038138, 18.646307512343629]
[2, array([ 2.01928793,  2.03696557]), 6.7149233573038138, 18.323477418798159]
[3, array([ 2.01928793,  2.03696557]), 6.7149233573038138, 18.135974262000083]
[4, array([ 2.01928793,  2.03696557]), 6.7149233573038138, 16.742677885833935]
[5, array([ 2.01928793,  2.03696557]), 6.7149233573038138, 16.741987688439174]
[6, array([ 2.01928793,  2.03696557]), 6.7149233573038138, 16.693841871626482]
[7, array([ 2.01928793,  2.03696557]), 6.7149233573038138, 16.025042927546075]
[8, array([ 2.01928793,  2.03696557]), 6.7149233573038138, 15.536822112738355]
[9, array([ 2.01928793,  2.03696557]), 6.7149233573038138, 14.734637301675779]
[10, array([ 2.01928793,  2.03696557]), 6.7149233573038138, 14.531001486346259]
[11, array([ 2.01928793,  2.03696557]), 6.7149233573038138, 14.191326470398101]
[12, array([ 2.01928793,  2.03696557]), 6.7149233573038138, 13.477208528716066]
[13, array([ 1.05280254, -0.93239217]), 3.7951932518191787, 12.403497045055275]
[14, array([ 1.05280254, -0.93239217]), 3.7951932518191787, 11.786205749292323]
[15, array([-0.9218093 , -0.93239217]), 3.6524017969938645, 11.049387258534505]
[16, array([-0.9218093 , -0.93239217]), 3.6524017969938645, 10.511350632784524]
[17, array([-0.9218093 , -0.93239217]), 3.6524017969938645, 10.049080120671427]
[18, array([-0.9218093 , -0.93239217]), 3.6524017969938645, 9.2356983885853019]
[19, array([-0.9218093 , -0.93239217]), 3.6524017969938645, 8.8440475700146042]
[20, array([-0.00795566, -0.9568469 ]), 2.5821995260468253, 8.1766404832123811]
[21, array([-0.00795566, -0.9568469 ]), 2.5821995260468253, 8.0522875318750131]
[22, array([-0.11366618,  0.26648545]), 2.1355829703699034, 7.3821128385506496]
[23, array([-0.11366618,  0.26648545]), 2.1355829703699034, 6.6413866577001723]
[24, array([-0.11366618,  0.26648545]), 2.1355829703699034, 5.6191909445387127]
[25, array([-0.11366618,  0.26648545]), 2.1355829703699034, 5.5652493291234801]
[26, array([-0.11366618,  0.26648545]), 2.1355829703699034, 5.1780933193361562]
[27, array([ 0.11191864, -0.08337887]), 0.85149795675347706, 4.6285414475874482]
[28, array([ 0.11191864, -0.08337887]), 0.85149795675347706, 4.0629436074376333]
[29, array([ 0.11191864, -0.08337887]), 0.85149795675347706, 3.9385622142826433]
[30, array([ 0.11191864, -0.08337887]), 0.85149795675347706, 3.8248665120416816]
[31, array([ 0.11191864, -0.08337887]), 0.85149795675347706, 3.3394322761529409]
[32, array([ 0.11191864, -0.08337887]), 0.85149795675347706, 3.2394812248963247]
[33, array([ 0.11191864, -0.08337887]), 0.85149795675347706, 3.1128166515165194]
[34, array([ 0.11191864, -0.08337887]), 0.85149795675347706, 2.8151779287528251]
[35, array([ 0.0925778 ,  0.06297399]), 0.62365449961481234, 2.4099894175210483]
[36, array([ 0.0925778 ,  0.06297399]), 0.62365449961481234, 2.2241825356915967]
[37, array([ 0.00223923,  0.06297399]), 0.28057799879127332, 1.941508942610475]
[38, array([ 0.00223923,  0.06297399]), 0.28057799879127332, 1.8347223084642803]
[39, array([ 0.00223923,  0.06297399]), 0.28057799879127332, 1.7167299756982395]
[40, array([ 0.02693948,  0.03565211]), 0.17885320213491385, 1.5804114043830806]
[41, array([ 0.02693948,  0.03565211]), 0.17885320213491385, 1.4523710829970251]
[42, array([ 0.02693948,  0.03565211]), 0.17885320213491385, 1.3336642359000117]
[43, array([ 0.02693948,  0.03565211]), 0.17885320213491385, 1.2284789603252262]
[44, array([ 0.02693948,  0.03565211]), 0.17885320213491385, 1.1589350813056465]
[45, array([ 0.02693948,  0.03565211]), 0.17885320213491385, 0.86785316881425401]
[46, array([ 0.02693948,  0.03565211]), 0.17885320213491385, 0.6846336291670363]
[47, array([-0.00879011,  0.03565211]), 0.13938300582934859, 0.60538071419688566]
[48, array([-0.01796746,  0.0165473 ]), 0.084912928757618023, 0.51034906344747955]
[49, array([ 0.02143735,  0.00426279]), 0.074493673586655706, 0.46651936095676377]
[50, array([-0.00105069, -0.00107366]), 0.004309051370882333, 0.38794182708390557]
[51, array([-0.00105069, -0.00107366]), 0.004309051370882333, 0.27566241609421394]
[52, array([-0.00105069, -0.00107366]), 0.004309051370882333, 0.24889068820092275]
[53, array([-0.00105069, -0.00107366]), 0.004309051370882333, 0.21346257968383542]
[54, array([-0.00105069, -0.00107366]), 0.004309051370882333, 0.17660689996669249]
[55, array([-0.00105069, -0.00107366]), 0.004309051370882333, 0.17660689996669249]
[56, array([-0.00105069, -0.00107366]), 0.004309051370882333, 0.14368237343299545]
[57, array([-0.00105069, -0.00107366]), 0.004309051370882333, 0.1144602947424013]
[58, array([-0.00105069, -0.00107366]), 0.004309051370882333, 0.1017042861325053]
[59, array([-0.00105069, -0.00107366]), 0.004309051370882333, 0.085190398160276987]
[60, array([-0.00105069, -0.00107366]), 0.004309051370882333, 0.078168394221994134]
[61, array([-0.0009278, -0.0004919]), 0.0029996024103984276, 0.060210525863630425]
[62, array([-0.0009278, -0.0004919]), 0.0029996024103984276, 0.058835984472638089]
[63, array([-0.0009278, -0.0004919]), 0.0029996024103984276, 0.04918046696636056]
[64, array([-0.0009278, -0.0004919]), 0.0029996024103984276, 0.040240502864297499]
[65, array([-0.0009278, -0.0004919]), 0.0029996024103984276, 0.035209285733716469]
[66, array([-0.0009278, -0.0004919]), 0.0029996024103984276, 0.027184923391228022]
[67, array([-0.0009278, -0.0004919]), 0.0029996024103984276, 0.024516263467255772]
[68, array([-0.00083572,  0.00029388]), 0.0025265676426511341, 0.016969155282160829]
[69, array([-0.00083572,  0.00029388]), 0.0025265676426511341, 0.014349309565856583]
[70, array([ -8.08767344e-04,   8.61677269e-05]), 0.0023181013850863685, 0.0090506168022456805]
[71, array([-0.00060678,  0.00029388]), 0.0019190226790191112, 0.0065891463424583739]
[72, array([ 0.00014904, -0.0004919 ]), 0.0014608041078933987, 0.00579087470394315]
[73, array([ 0.00014904, -0.0004919 ]), 0.0014608041078933987, 0.0053100335620619001]
[74, array([ 0.00014904, -0.0004919 ]), 0.0014608041078933987, 0.0046337946662450055]
[75, array([ -4.89950779e-05,  -2.70376040e-04]), 0.00077920405948050941, 0.0042421570907310805]
[76, array([ -4.89950779e-05,  -2.70376040e-04]), 0.00077920405948050941, 0.0038121866637040648]
[77, array([  5.71204480e-05,   4.26397938e-05]), 0.00020174675585282742, 0.0032060014891928112]
[78, array([  5.71204480e-05,   4.26397938e-05]), 0.00020174675585282742, 0.0024438080757415827]
[79, array([  1.40556314e-05,   4.26397938e-05]), 0.00012704069154212405, 0.0022445097828801331]
[80, array([  1.40556314e-05,   4.26397938e-05]), 0.00012704069154212405, 0.0019680176340785673]
[81, array([  1.40556314e-05,   4.26397938e-05]), 0.00012704069154212405, 0.0017189928803415632]
[82, array([  1.40556314e-05,   4.26397938e-05]), 0.00012704069154212405, 0.0015184260238744862]
[83, array([  1.40556314e-05,   4.26397938e-05]), 0.00012704069154212405, 0.0014236819569080517]
[84, array([  1.40556314e-05,   4.26397938e-05]), 0.00012704069154212405, 0.0012760014275445819]
[85, array([  1.40556314e-05,   4.26397938e-05]), 0.00012704069154212405, 0.0010550245842625649]
[86, array([  1.40556314e-05,   4.26397938e-05]), 0.00012704069154212405, 0.0010176796443599478]
[87, array([  1.40556314e-05,   4.26397938e-05]), 0.00012704069154212405, 0.00092981329154353534]
[88, array([  4.09792743e-05,   2.30578814e-06]), 0.00011613508502295034, 0.00079418368019998906]
[89, array([ -2.74764465e-05,  -2.48450869e-05]), 0.00010481186005195653, 0.00064220846634244211]
[90, array([ -2.74764465e-05,  -2.48450869e-05]), 0.00010481186005195653, 0.00053889140707701348]
[91, array([ -2.74764465e-05,  -2.48450869e-05]), 0.00010481186005195653, 0.00046973632040510084]
[92, array([ -2.74764465e-05,  -2.48450869e-05]), 0.00010481186005195653, 0.00043993230532146654]
[93, array([ -2.74764465e-05,  -2.48450869e-05]), 0.00010481186005195653, 0.00043824668768914775]
[94, array([ -2.74764465e-05,  -2.48450869e-05]), 0.00010481186005195653, 0.00036357449881050383]
[95, array([ -2.68877900e-05,  -1.34637480e-05]), 8.5075862781724965e-05, 0.00029662592284163125]
[96, array([ -2.68877900e-05,  -1.34637480e-05]), 8.5075862781724965e-05, 0.0002501580647824575]
[97, array([ -3.78400516e-06,   2.04838845e-05]), 5.8929002950680598e-05, 0.00020319134999473575]
[98, array([ -3.78400516e-06,   2.04838845e-05]), 5.8929002950680598e-05, 0.00018094103138954765]
[99, array([  6.19096248e-07,   1.09138657e-05]), 3.0921881066792167e-05, 0.00014714381281999422]
[100, array([ -3.48395569e-06,  -2.27053682e-06]), 1.1762529933623256e-05, 0.00011070622991242729]
[101, array([ -3.48395569e-06,  -2.27053682e-06]), 1.1762529933623256e-05, 8.1122399406563514e-05]
[102, array([ -3.48395569e-06,  -2.27053682e-06]), 1.1762529933623256e-05, 6.6997035937976793e-05]
[103, array([ -3.48395569e-06,  -2.27053682e-06]), 1.1762529933623256e-05, 5.6809622957754159e-05]
[104, array([ -3.48395569e-06,  -2.27053682e-06]), 1.1762529933623256e-05, 4.9836954315463088e-05]
[105, array([ -9.52140873e-07,   6.49940966e-07]), 3.260704648955226e-06, 4.6297291009000928e-05]
#############################################################
[1, array([ 2.01928793,  2.03696557]), 6.7149233573038138, 18.102091385390771]
[2, array([ 2.01928793,  2.03696557]), 6.7149233573038138, 17.460714829872522]
[3, array([ 2.01928793,  2.03696557]), 6.7149233573038138, 17.349090019466956]
[4, array([ 2.01928793,  2.03696557]), 6.7149233573038138, 17.153433564747722]
[5, array([ 2.01928793,  2.03696557]), 6.7149233573038138, 17.071025944500313]
[6, array([ 2.01928793,  2.03696557]), 6.7149233573038138, 16.39791845140433]
[7, array([ 1.26528522,  0.16505347]), 4.7911850032925862, 14.333896257242088]
[8, array([ 1.26528522,  0.16505347]), 4.7911850032925862, 12.514870736912522]
[9, array([-0.7912402 ,  0.16505347]), 3.4126673517597621, 11.550694826280196]
[10, array([-0.7912402 ,  0.16505347]), 3.4126673517597621, 10.486152077485082]
[11, array([-0.7912402 ,  0.16505347]), 3.4126673517597621, 9.6066061986556566]
[12, array([-0.7912402 ,  0.16505347]), 3.4126673517597621, 8.9975025349502964]
[13, array([-0.7912402 ,  0.16505347]), 3.4126673517597621, 8.7332703686240798]
[14, array([-0.7912402 ,  0.16505347]), 3.4126673517597621, 7.4608374613915514]
[15, array([-0.7912402 ,  0.16505347]), 3.4126673517597621, 6.9733508199906522]
[16, array([-0.7912402 ,  0.16505347]), 3.4126673517597621, 6.9672028466443239]
[17, array([ 0.11527641,  0.81782802]), 3.1349074770188712, 6.3761760719320204]
[18, array([ 0.11527641,  0.81782802]), 3.1349074770188712, 6.1830869184638955]
[19, array([ 0.11527641,  0.81782802]), 3.1349074770188712, 6.1374070502363107]
[20, array([ 0.11527641,  0.81782802]), 3.1349074770188712, 5.8570125586425243]
[21, array([ 0.11527641,  0.81782802]), 3.1349074770188712, 5.3187021565172881]
[22, array([-0.29585403,  0.20272072]), 2.703087347745424, 4.6471343848021895]
[23, array([ 0.11527641, -0.07142313]), 0.81637042621843792, 4.3589524374015927]
[24, array([ 0.11527641, -0.07142313]), 0.81637042621843792, 4.1518026689572176]
[25, array([ 0.11527641, -0.07142313]), 0.81637042621843792, 3.9475962391925585]
[26, array([ 0.11527641, -0.07142313]), 0.81637042621843792, 3.5304729022410855]
[27, array([ 0.11527641, -0.07142313]), 0.81637042621843792, 3.3389840782574041]
[28, array([ 0.11527641, -0.07142313]), 0.81637042621843792, 2.9689544117763491]
[29, array([ 0.11527641, -0.07142313]), 0.81637042621843792, 2.5931502254904557]
[30, array([ 0.11527641, -0.07142313]), 0.81637042621843792, 2.3393647867964078]
[31, array([ 0.05558077, -0.04035669]), 0.31598279652817185, 1.8884923986679087]
[32, array([ 0.05558077, -0.04035669]), 0.31598279652817185, 1.5905200935655226]
[33, array([ 0.05558077, -0.04035669]), 0.31598279652817185, 1.4175227051087236]
[34, array([ 0.03286641,  0.00138978]), 0.12160282863646232, 1.1561611981515072]
[35, array([ 0.03286641,  0.00138978]), 0.12160282863646232, 0.92275799985550166]
[36, array([ 0.03286641,  0.00138978]), 0.12160282863646232, 0.81889142701196338]
[37, array([ 0.03286641,  0.00138978]), 0.12160282863646232, 0.75965673021897173]
[38, array([ 0.03286641,  0.00138978]), 0.12160282863646232, 0.6449127496823005]
[39, array([ 0.03286641,  0.00138978]), 0.12160282863646232, 0.40786441593151163]
[40, array([ 0.03286641,  0.00138978]), 0.12160282863646232, 0.40233712633998148]
[41, array([ 0.03286641,  0.00138978]), 0.12160282863646232, 0.3875073036360277]
[42, array([ 0.03286641,  0.00138978]), 0.12160282863646232, 0.3272006817923051]
[43, array([ 0.00766934,  0.00138978]), 0.023662362082955912, 0.28585871997337275]
[44, array([ 0.00766934,  0.00138978]), 0.023662362082955912, 0.24511677020329606]
[45, array([-0.00556371,  0.00181934]), 0.017468716099646731, 0.18780490521552434]
[46, array([-0.00556371,  0.00181934]), 0.017468716099646731, 0.15191162671605579]
[47, array([-0.00556371,  0.00181934]), 0.017468716099646731, 0.13176906847393316]
[48, array([-0.00556371,  0.00181934]), 0.017468716099646731, 0.12374852384001675]
[49, array([-0.00556371,  0.00181934]), 0.017468716099646731, 0.11729033515589338]
[50, array([-0.00556371,  0.00181934]), 0.017468716099646731, 0.1068467530495469]
[51, array([-0.00556371,  0.00181934]), 0.017468716099646731, 0.099648566072464376]
[52, array([-0.00556371,  0.00181934]), 0.017468716099646731, 0.089227964197952134]
[53, array([-0.00556371,  0.00181934]), 0.017468716099646731, 0.070824898014763257]
[54, array([-0.0043224 ,  0.00340704]), 0.016373334370776593, 0.069596984520140293]
[55, array([-0.0043224 ,  0.00340704]), 0.016373334370776593, 0.059386071684354655]
[56, array([-0.0043224 ,  0.00340704]), 0.016373334370776593, 0.054397523330068774]
[57, array([-0.0043224 ,  0.00340704]), 0.016373334370776593, 0.042763860934100874]
[58, array([-0.0043224 ,  0.00340704]), 0.016373334370776593, 0.036948292110133799]
[59, array([-0.00078611,  0.00144837]), 0.0047334354020311942, 0.030261223358056189]
[60, array([-0.00076106,  0.00132131]), 0.0043747327346399523, 0.025527768394161311]
[61, array([ 0.00077758, -0.00100892]), 0.0036460410206484717, 0.022437557924788454]
[62, array([ 0.00077758, -0.00100892]), 0.0036460410206484717, 0.019034723835906053]
[63, array([ 0.00077758, -0.00100892]), 0.0036460410206484717, 0.016994374621455234]
[64, array([ 0.00077758, -0.00100892]), 0.0036460410206484717, 0.014197494443524316]
[65, array([ 0.00077758, -0.00100892]), 0.0036460410206484717, 0.012676039663891548]
[66, array([-0.00076106, -0.00079487]), 0.003144824695948234, 0.011421930444856]
[67, array([  5.63443455e-05,  -7.94865410e-04]), 0.0022707687125316234, 0.010968065920577618]
[68, array([  5.63443455e-05,  -7.94865410e-04]), 0.0022707687125316234, 0.0097277755103317709]
[69, array([  5.63443455e-05,  -7.94865410e-04]), 0.0022707687125316234, 0.0079827066153129959]
[70, array([-0.0001466 , -0.00016996]), 0.00063617633431833909, 0.0072193948105929275]
[71, array([-0.0001466 , -0.00016996]), 0.00063617633431833909, 0.0066415146933622715]
[72, array([  7.08692318e-05,  -3.87773216e-05]), 0.00022866673298027607, 0.0050343682673111619]
[73, array([  7.08692318e-05,  -3.87773216e-05]), 0.00022866673298027607, 0.0041109571269431376]
[74, array([  7.08692318e-05,  -3.87773216e-05]), 0.00022866673298027607, 0.0034130455987148702]
[75, array([  7.08692318e-05,  -3.87773216e-05]), 0.00022866673298027607, 0.003261976415875889]
[76, array([  7.08692318e-05,  -3.87773216e-05]), 0.00022866673298027607, 0.0025891575847976078]
[77, array([ -7.42912650e-05,  -1.07179323e-05]), 0.00021245294408389626, 0.0020025041308342926]
[78, array([ -7.42912650e-05,  -1.07179323e-05]), 0.00021245294408389626, 0.0015654154691046251]
[79, array([ -7.42912650e-05,  -1.07179323e-05]), 0.00021245294408389626, 0.0012748181931201863]
[80, array([ -5.65396528e-05,   2.43103950e-06]), 0.00016015132473556903, 0.0010466416731479632]
[81, array([ -5.65396528e-05,   2.43103950e-06]), 0.00016015132473556903, 0.0010342421074772013]
[82, array([ -5.65396528e-05,   2.43103950e-06]), 0.00016015132473556903, 0.00096304538674951701]
[83, array([  1.78067909e-05,   3.37881418e-05]), 0.00010806551885211846, 0.00080871130359421177]
[84, array([  1.78067909e-05,   3.37881418e-05]), 0.00010806551885211846, 0.00071693090055804378]
[85, array([  1.78067909e-05,   3.37881418e-05]), 0.00010806551885211846, 0.00063645331560602258]
[86, array([  1.78067909e-05,   3.37881418e-05]), 0.00010806551885211846, 0.0006090869134731669]
[87, array([ -1.99809530e-05,   2.35662485e-05]), 8.7414505927529973e-05, 0.00044021607895610159]
[88, array([ -2.95971438e-05,  -2.24164013e-06]), 8.3976583763689661e-05, 0.00036624829208831144]
[89, array([ -2.95971438e-05,  -2.24164013e-06]), 8.3976583763689661e-05, 0.00034881589508204411]
[90, array([ -2.95971438e-05,  -2.24164013e-06]), 8.3976583763689661e-05, 0.00033346775971567768]
[91, array([ -2.95971438e-05,  -2.24164013e-06]), 8.3976583763689661e-05, 0.00026105358715104997]
[92, array([ -2.95971438e-05,  -2.24164013e-06]), 8.3976583763689661e-05, 0.00024483077011554498]
[93, array([  2.61883799e-05,  -2.24164013e-06]), 7.4361180534499027e-05, 0.00020192817949231666]
[94, array([ -1.01869037e-05,  -3.29020480e-06]), 3.0281552849675819e-05, 0.00017878097986203655]
[95, array([ -1.01869037e-05,  -3.29020480e-06]), 3.0281552849675819e-05, 0.00015693127700489029]
[96, array([ -1.01869037e-05,  -3.29020480e-06]), 3.0281552849675819e-05, 0.00013536233560875743]
[97, array([ -1.64963442e-06,   2.43103950e-06]), 8.3098612404519656e-06, 0.00012101096867214167]
#############################################################
[1, array([ 2.01928793,  2.03696557]), 6.7149233573038138, 18.06202077597791]
[2, array([ 2.01928793,  2.03696557]), 6.7149233573038138, 17.24063123132769]
[3, array([-1.22035831, -0.31815064]), 5.0940093371544677, 16.588720634360666]
[4, array([-1.22035831, -0.31815064]), 5.0940093371544677, 15.532705453984031]
[5, array([-1.22035831, -0.31815064]), 5.0940093371544677, 15.135163478244689]
[6, array([-1.22035831, -0.31815064]), 5.0940093371544677, 13.793367529257868]
[7, array([-1.22035831, -0.31815064]), 5.0940093371544677, 12.640407217866018]
[8, array([-1.22035831, -0.31815064]), 5.0940093371544677, 12.273711177349176]
[9, array([-1.22035831, -0.31815064]), 5.0940093371544677, 11.142516810132708]
[10, array([-0.83491936, -0.00313654]), 2.819794320849017, 9.6419081600453413]
[11, array([-0.83491936, -0.00313654]), 2.819794320849017, 8.8609113927697472]
[12, array([-0.83491936, -0.00313654]), 2.819794320849017, 7.9369704581215386]
[13, array([-0.83491936, -0.00313654]), 2.819794320849017, 7.3485608214753571]
[14, array([-0.83491936, -0.00313654]), 2.819794320849017, 7.1067078706296822]
[15, array([-0.83491936, -0.00313654]), 2.819794320849017, 6.9062329178272819]
[16, array([-0.83491936, -0.00313654]), 2.819794320849017, 6.8535349351166754]
[17, array([-0.83491936, -0.00313654]), 2.819794320849017, 6.0664462301448276]
[18, array([ 0.29138405,  0.19219094]), 2.6312780802619824, 5.4531477374153114]
[19, array([ 0.29138405,  0.19219094]), 2.6312780802619824, 5.2942378498456124]
[20, array([ 0.29138405,  0.19219094]), 2.6312780802619824, 4.9301153903617863]
[21, array([ 0.29138405,  0.19219094]), 2.6312780802619824, 4.7927945406590338]
[22, array([ 0.29138405,  0.19219094]), 2.6312780802619824, 4.5635504180045201]
[23, array([ 0.05983773, -0.26222155]), 1.9325146050792914, 4.3197586248656901]
[24, array([ 0.05983773, -0.26222155]), 1.9325146050792914, 4.1098931577949118]
[25, array([ 0.05983773, -0.26222155]), 1.9325146050792914, 3.8470074260534552]
[26, array([ 0.05983773, -0.26222155]), 1.9325146050792914, 3.6916794743906607]
[27, array([ 0.05983773, -0.26222155]), 1.9325146050792914, 3.3568729245415989]
[28, array([ 0.05983773, -0.26222155]), 1.9325146050792914, 3.3568729245415989]
[29, array([ 0.05983773, -0.26222155]), 1.9325146050792914, 3.1385188047070365]
[30, array([ 0.05983773, -0.26222155]), 1.9325146050792914, 3.1385188047070365]
[31, array([ 0.05983773, -0.26222155]), 1.9325146050792914, 3.0690848073401606]
[32, array([ 0.05983773, -0.26222155]), 1.9325146050792914, 3.0365317018699343]
[33, array([ 0.05983773, -0.26222155]), 1.9325146050792914, 2.920828717420016]
[34, array([ 0.05983773, -0.26222155]), 1.9325146050792914, 2.8952876271401675]
[35, array([ 0.12786204, -0.10344696]), 1.0712645035748563, 2.7241596645837265]
[36, array([-0.03546877,  0.07894981]), 0.43374569561968146, 2.6199849606995058]
[37, array([-0.03433408,  0.06789371]), 0.36310069293068326, 2.4888626030293968]
[38, array([-0.03433408,  0.06789371]), 0.36310069293068326, 2.2361458638724332]
[39, array([-0.03546877,  0.05937831]), 0.31885920645459764, 2.1511337288399011]
[40, array([-0.03546877,  0.05937831]), 0.31885920645459764, 2.0347214318208477]
[41, array([-0.03546877,  0.05937831]), 0.31885920645459764, 2.0347214318208477]
[42, array([-0.03546877,  0.05937831]), 0.31885920645459764, 1.8913287886158467]
[43, array([-0.04063273,  0.00175264]), 0.15848348973254689, 1.2483322044435681]
[44, array([-0.04063273,  0.00175264]), 0.15848348973254689, 1.2160780246849296]
[45, array([-0.0320172 ,  0.00175264]), 0.11784158761820551, 1.0058464929505448]
[46, array([-0.0320172 ,  0.00175264]), 0.11784158761820551, 0.73336157442794669]
[47, array([-0.0320172 ,  0.00175264]), 0.11784158761820551, 0.69010807847791256]
[48, array([-0.0320172 ,  0.00175264]), 0.11784158761820551, 0.47881903794620922]
[49, array([ 0.02283359,  0.00110764]), 0.078515238431692058, 0.42260857922243406]
[50, array([ 0.00268511,  0.00110764]), 0.008440090608687445, 0.36559669855638932]
[51, array([ 0.00268511,  0.00110764]), 0.008440090608687445, 0.31221212244289909]
[52, array([ 0.00268511,  0.00110764]), 0.008440090608687445, 0.28836243301400011]
[53, array([ 0.00268511,  0.00110764]), 0.008440090608687445, 0.2630962341926259]
[54, array([ 0.00268511,  0.00110764]), 0.008440090608687445, 0.21853873702707433]
[55, array([ 0.00268511,  0.00110764]), 0.008440090608687445, 0.18039737296103775]
[56, array([ 0.00268511,  0.00110764]), 0.008440090608687445, 0.14496852076275218]
[57, array([ 0.00268511,  0.00110764]), 0.008440090608687445, 0.12239010127156158]
[58, array([ 0.00268511,  0.00110764]), 0.008440090608687445, 0.11052537371844347]
[59, array([ 0.00268511,  0.00110764]), 0.008440090608687445, 0.088111670590689875]
[60, array([ 0.00268511,  0.00110764]), 0.008440090608687445, 0.073206543490324183]
[61, array([ 0.00268511,  0.00110764]), 0.008440090608687445, 0.064214296486451425]
[62, array([ 0.00268511,  0.00110764]), 0.008440090608687445, 0.053950530713709366]
[63, array([ 0.0008128 ,  0.00110764]), 0.0039361444166350346, 0.049536631905162401]
[64, array([ 0.0008128 ,  0.00110764]), 0.0039361444166350346, 0.036797788983851817]
[65, array([  1.60035036e-04,   1.16428250e-05]), 0.00045452933876122259, 0.033514170873078709]
[66, array([  1.60035036e-04,   1.16428250e-05]), 0.00045452933876122259, 0.027360700556968799]
[67, array([  1.60035036e-04,   1.16428250e-05]), 0.00045452933876122259, 0.022237764158678265]
[68, array([  1.60035036e-04,   1.16428250e-05]), 0.00045452933876122259, 0.01861776453668389]
[69, array([  1.60035036e-04,   1.16428250e-05]), 0.00045452933876122259, 0.015485436044716305]
[70, array([  1.60035036e-04,   1.16428250e-05]), 0.00045452933876122259, 0.015428073312080048]
[71, array([  1.60035036e-04,   1.16428250e-05]), 0.00045452933876122259, 0.014687307739342525]
[72, array([  1.60035036e-04,   1.16428250e-05]), 0.00045452933876122259, 0.012860191609143801]
[73, array([  1.60035036e-04,   1.16428250e-05]), 0.00045452933876122259, 0.012278817857465629]
[74, array([  1.60035036e-04,   1.16428250e-05]), 0.00045452933876122259, 0.012029964019972982]
[75, array([  1.60035036e-04,   1.16428250e-05]), 0.00045452933876122259, 0.011780519425500291]
[76, array([  1.60035036e-04,   1.16428250e-05]), 0.00045452933876122259, 0.01064704641877876]
[77, array([  1.60035036e-04,   1.16428250e-05]), 0.00045452933876122259, 0.01047958513108176]
[78, array([  1.60035036e-04,   1.16428250e-05]), 0.00045452933876122259, 0.0095135138983702735]
[79, array([  1.60035036e-04,   1.16428250e-05]), 0.00045452933876122259, 0.007927851957002208]
[80, array([  1.60035036e-04,   1.16428250e-05]), 0.00045452933876122259, 0.0069826158074266509]
[81, array([  1.60035036e-04,   1.16428250e-05]), 0.00045452933876122259, 0.0056666820320844915]
[82, array([  1.60035036e-04,   1.16428250e-05]), 0.00045452933876122259, 0.0051555861484790634]
[83, array([  1.60035036e-04,   1.16428250e-05]), 0.00045452933876122259, 0.0043915484592974788]
[84, array([  1.60035036e-04,   1.16428250e-05]), 0.00045452933876122259, 0.0036496139394693651]
[85, array([  1.60035036e-04,   1.16428250e-05]), 0.00045452933876122259, 0.0032206630284075111]
[86, array([  1.60035036e-04,   1.16428250e-05]), 0.00045452933876122259, 0.0030773458207066008]
[87, array([  8.92927643e-05,   1.16428250e-05]), 0.00025491186909620822, 0.0028160045336568908]
[88, array([  8.92927643e-05,   1.16428250e-05]), 0.00025491186909620822, 0.0026246409992412901]
[89, array([  8.92927643e-05,   1.16428250e-05]), 0.00025491186909620822, 0.0025173681920835911]
[90, array([  8.92927643e-05,   1.16428250e-05]), 0.00025491186909620822, 0.0024803112860996455]
[91, array([  8.92927643e-05,   1.16428250e-05]), 0.00025491186909620822, 0.0022898252837406652]
[92, array([  8.92927643e-05,   1.16428250e-05]), 0.00025491186909620822, 0.0021091327854199982]
[93, array([  8.92927643e-05,   1.16428250e-05]), 0.00025491186909620822, 0.0018056182925017873]
[94, array([  8.92927643e-05,   1.16428250e-05]), 0.00025491186909620822, 0.0016803461334514048]
[95, array([  7.11230082e-05,  -3.53017612e-05]), 0.00022475099323360226, 0.0012081184326423688]
[96, array([  7.11230082e-05,  -3.53017612e-05]), 0.00022475099323360226, 0.0010880338785981714]
[97, array([  7.16333234e-05,   2.75967697e-05]), 0.00021728203872273255, 0.00098127631070026315]
[98, array([  6.82727994e-05,  -9.76730266e-06]), 0.00019519742319618061, 0.00083942371650360672]
[99, array([  6.82727994e-05,  -9.76730266e-06]), 0.00019519742319618061, 0.00070612252782185079]
[100, array([  6.55546990e-05,   1.57213342e-05]), 0.00019079516420505982, 0.00054515585638794664]
[101, array([  6.55546990e-05,   1.57213342e-05]), 0.00019079516420505982, 0.00049684982011557468]
[102, array([  5.55148576e-06,   2.06231118e-06]), 1.6751365937484053e-05, 0.0004044978614193617]
[103, array([  5.55148576e-06,   2.06231118e-06]), 1.6751365937484053e-05, 0.00038973662026817733]
[104, array([  5.55148576e-06,   2.06231118e-06]), 1.6751365937484053e-05, 0.00035058907861449382]
[105, array([  5.55148576e-06,   2.06231118e-06]), 1.6751365937484053e-05, 0.00029870935374143315]
[106, array([  5.55148576e-06,   2.06231118e-06]), 1.6751365937484053e-05, 0.00026252801713928521]
[107, array([  5.55148576e-06,   2.06231118e-06]), 1.6751365937484053e-05, 0.00020058850889457248]
[108, array([  5.55148576e-06,   2.06231118e-06]), 1.6751365937484053e-05, 0.00018156362565813211]
[109, array([  5.55148576e-06,   2.06231118e-06]), 1.6751365937484053e-05, 0.00017366480854432708]
[110, array([ -2.72185495e-06,   2.06231118e-06]), 9.6591393554668059e-06, 0.00014414063114971399]
#############################################################
[1, array([ 2.01928793,  2.03696557]), 6.7149233573038138, 18.791600164893531]
[2, array([ 2.01928793,  2.03696557]), 6.7149233573038138, 18.204515737219346]
[3, array([ 2.01928793,  2.03696557]), 6.7149233573038138, 17.13178463346242]
[4, array([ 0.07606124,  2.06408915]), 5.3150437417461376, 16.535894735638745]
[5, array([ 0.07606124,  2.06408915]), 5.3150437417461376, 16.263036821007745]
[6, array([ 0.07606124,  2.06408915]), 5.3150437417461376, 15.800165961089826]
[7, array([ 0.07606124,  2.06408915]), 5.3150437417461376, 15.128460981365603]
[8, array([ 0.07606124,  2.06408915]), 5.3150437417461376, 14.875444707833861]
[9, array([ 0.07606124,  2.06408915]), 5.3150437417461376, 14.447766450969823]
[10, array([ 0.07606124,  2.06408915]), 5.3150437417461376, 14.1124944628009]
[11, array([ 0.07606124,  2.06408915]), 5.3150437417461376, 13.87405304542528]
[12, array([ 0.07606124,  2.06408915]), 5.3150437417461376, 13.455607626981177]
[13, array([ 0.07606124,  2.06408915]), 5.3150437417461376, 12.319372106970189]
[14, array([ 0.07606124,  2.06408915]), 5.3150437417461376, 11.932453970117743]
[15, array([ 0.07606124,  2.06408915]), 5.3150437417461376, 11.492598932031814]
[16, array([ 1.30672343,  0.03216456]), 4.7230111114877822, 10.551842425015739]
[17, array([ 0.11631458,  0.35499655]), 2.6793767568967124, 9.9046965620443963]
[18, array([ 0.11631458,  0.35499655]), 2.6793767568967124, 8.4349419718431804]
[19, array([ 0.11631458,  0.35499655]), 2.6793767568967124, 7.9015075381459896]
[20, array([ 0.11631458,  0.35499655]), 2.6793767568967124, 7.1489790239787538]
[21, array([ 0.11631458,  0.35499655]), 2.6793767568967124, 6.5389041427143386]
[22, array([ 0.11032434,  0.00795795]), 0.60818504003079754, 5.6906695869671955]
[23, array([ 0.11032434,  0.00795795]), 0.60818504003079754, 4.9828068070928202]
[24, array([ 0.11032434,  0.00795795]), 0.60818504003079754, 4.2171366126507603]
[25, array([ 0.11032434,  0.00795795]), 0.60818504003079754, 3.9429445608221068]
[26, array([ 0.11032434,  0.00795795]), 0.60818504003079754, 3.7033479466354833]
[27, array([ 0.11032434,  0.00795795]), 0.60818504003079754, 3.3492993044908417]
[28, array([ 0.11032434,  0.00795795]), 0.60818504003079754, 3.0147754607588055]
[29, array([-0.03669364,  0.09031881]), 0.51178522188184461, 2.6303129098222788]
[30, array([ 0.08728741,  0.03216456]), 0.47916814869865521, 2.4758776224926935]
[31, array([ 0.00920697, -0.03470458]), 0.13553811950521721, 2.3099662411333997]
[32, array([ 0.00920697, -0.03470458]), 0.13553811950521721, 2.1796346575204635]
[33, array([ 0.00920697, -0.03470458]), 0.13553811950521721, 2.0862810835490411]
[34, array([ 0.00920697, -0.03470458]), 0.13553811950521721, 1.9345269302288421]
[35, array([ 0.00920697, -0.03470458]), 0.13553811950521721, 1.7961751379349213]
[36, array([ 0.00920697, -0.03470458]), 0.13553811950521721, 1.7931133008196312]
[37, array([ 0.00920697, -0.03470458]), 0.13553811950521721, 1.6419876334187156]
[38, array([ 0.02834675,  0.00795795]), 0.10620378163052679, 1.449869123644429]
[39, array([ 0.02834675,  0.00795795]), 0.10620378163052679, 1.3493505292994707]
[40, array([ 0.02834675,  0.00795795]), 0.10620378163052679, 1.2177167029264262]
[41, array([ 0.02834675,  0.00795795]), 0.10620378163052679, 1.0687947585008513]
[42, array([ 0.0048077 ,  0.02477962]), 0.088273846603620587, 0.81678207711012796]
[43, array([ 0.01949045, -0.00801404]), 0.071392246801654569, 0.54355210538715393]
[44, array([ 0.01949045, -0.00801404]), 0.071392246801654569, 0.39192755717399858]
[45, array([ 0.00920697,  0.00099911]), 0.028476343070942267, 0.35997474492333748]
[46, array([ 0.00920697,  0.00099911]), 0.028476343070942267, 0.2832304721515258]
[47, array([ 0.00920697,  0.00099911]), 0.028476343070942267, 0.27950080759784857]
[48, array([ 0.00920697,  0.00099911]), 0.028476343070942267, 0.25490595121930371]
[49, array([ 0.00920532, -0.00030989]), 0.028308726636425252, 0.23406331812172221]
[50, array([ 0.00920532, -0.00030989]), 0.028308726636425252, 0.17307971791033933]
[51, array([-0.00040029, -0.00282095]), 0.0082749402151098828, 0.15210464673256938]
[52, array([-0.00040029, -0.00282095]), 0.0082749402151098828, 0.10952688077771766]
[53, array([-0.00040029, -0.00282095]), 0.0082749402151098828, 0.1030020044373697]
[54, array([-0.00085377, -0.00201509]), 0.0063175351231277155, 0.07795107590997459]
[55, array([-0.00085377, -0.00201509]), 0.0063175351231277155, 0.073175727280116384]
[56, array([-0.00085377, -0.00201509]), 0.0063175351231277155, 0.062296794837516691]
[57, array([-0.00014029,  0.00099911]), 0.0028807448418111115, 0.053018024301876653]
[58, array([-0.00014029,  0.00099911]), 0.0028807448418111115, 0.03785848075266509]
[59, array([-0.00014029,  0.00099911]), 0.0028807448418111115, 0.029868396351099325]
[60, array([-0.00014029,  0.00099911]), 0.0028807448418111115, 0.021408096380525966]
[61, array([-0.00014029,  0.00099911]), 0.0028807448418111115, 0.018646817086198288]
[62, array([-0.00014029,  0.00099911]), 0.0028807448418111115, 0.017130101649775131]
[63, array([-0.00040029,  0.0004329 ]), 0.0016769166572783156, 0.01520278509882198]
[64, array([-0.00040029,  0.0004329 ]), 0.0016769166572783156, 0.011903555810501043]
[65, array([-0.00040029,  0.0004329 ]), 0.0016769166572783156, 0.011602380161249126]
[66, array([-0.00040029,  0.0004329 ]), 0.0016769166572783156, 0.0083505691011150247]
[67, array([-0.00040029,  0.0004329 ]), 0.0016769166572783156, 0.0073364978053956694]
[68, array([-0.00040029,  0.0004329 ]), 0.0016769166572783156, 0.006135374329759369]
[69, array([-0.00040029,  0.0004329 ]), 0.0016769166572783156, 0.0055157033555471632]
[70, array([-0.00040029,  0.0004329 ]), 0.0016769166572783156, 0.0047981093021923545]
[71, array([ 0.00040633,  0.00012983]), 0.0012113760884067126, 0.003944114645119878]
[72, array([ 0.00040633,  0.00012983]), 0.0012113760884067126, 0.0037888420855623829]
[73, array([ -4.00293010e-04,  -3.13048603e-05]), 0.0011399494699095847, 0.0036476617365527098]
[74, array([ 0.00017178,  0.00012693]), 0.0006053309776459237, 0.0031173660886461897]
[75, array([ 0.00017178,  0.00012693]), 0.0006053309776459237, 0.0029729098696660294]
[76, array([ 0.00017178,  0.00012693]), 0.0006053309776459237, 0.0026580974092984102]
[77, array([ 0.00017178,  0.00012693]), 0.0006053309776459237, 0.0025348232795953328]
[78, array([ -1.64912860e-04,   9.55962401e-05]), 0.00054011421676891658, 0.0022864529061139118]
[79, array([  1.39877548e-04,  -9.26427929e-05]), 0.00047528861004808576, 0.0017056772391797815]
[80, array([  1.39877548e-04,  -9.26427929e-05]), 0.00047528861004808576, 0.0015451265159042826]
[81, array([  1.39877548e-04,  -9.26427929e-05]), 0.00047528861004808576, 0.0014625658998199675]
[82, array([  1.39877548e-04,  -9.26427929e-05]), 0.00047528861004808576, 0.0013831094418381262]
[83, array([  1.39877548e-04,  -9.26427929e-05]), 0.00047528861004808576, 0.001313389739007409]
[84, array([  1.39877548e-04,  -9.26427929e-05]), 0.00047528861004808576, 0.0012470717427730982]
[85, array([ -1.91597474e-05,   3.83337909e-05]), 0.00012126195538941786, 0.00095638789291045971]
[86, array([ -1.91597474e-05,   3.83337909e-05]), 0.00012126195538941786, 0.00095377581376476783]
[87, array([  2.93777012e-06,   4.09368789e-05]), 0.00011612960096174518, 0.00082912427785233336]
[88, array([  2.93777012e-06,   4.09368789e-05]), 0.00011612960096174518, 0.0007865105936910588]
[89, array([  2.93777012e-06,   4.09368789e-05]), 0.00011612960096174518, 0.00075361781637637291]
[90, array([  2.93777012e-06,   4.09368789e-05]), 0.00011612960096174518, 0.00062264818214492475]
[91, array([  2.93777012e-06,   4.09368789e-05]), 0.00011612960096174518, 0.00056294054390848558]
[92, array([  2.93777012e-06,   4.09368789e-05]), 0.00011612960096174518, 0.00056141667118323466]
[93, array([ -1.91597474e-05,  -3.55329096e-06]), 5.5126119783199812e-05, 0.00043094558933729485]
[94, array([ -1.91597474e-05,  -3.55329096e-06]), 5.5126119783199812e-05, 0.0003708409607898311]
[95, array([ -1.91597474e-05,  -3.55329096e-06]), 5.5126119783199812e-05, 0.00034887301462083187]
[96, array([ -1.91597474e-05,  -3.55329096e-06]), 5.5126119783199812e-05, 0.00031698884944928449]
[97, array([ -1.91597474e-05,  -3.55329096e-06]), 5.5126119783199812e-05, 0.00025926620041021308]
[98, array([ -8.43423628e-06,   4.66864663e-06]), 2.7268952675019165e-05, 0.00021108357954569001]
[99, array([ -8.43423628e-06,   4.66864663e-06]), 2.7268952675019165e-05, 0.00017454465121788943]
[100, array([ -8.43423628e-06,   4.66864663e-06]), 2.7268952675019165e-05, 0.00017262775963233778]
[101, array([ -8.43423628e-06,   4.66864663e-06]), 2.7268952675019165e-05, 0.00016177392856286943]
[102, array([ -8.43423628e-06,   4.66864663e-06]), 2.7268952675019165e-05, 0.00015717210506105417]
[103, array([ -8.43423628e-06,   4.66864663e-06]), 2.7268952675019165e-05, 0.00014736219564772667]
[104, array([  4.47251286e-06,   3.38193994e-06]), 1.5860443533188828e-05, 9.8028577478448392e-05]
[105, array([  4.47251286e-06,   3.38193994e-06]), 1.5860443533188828e-05, 9.5146612423580029e-05]
[106, array([  4.47251286e-06,   3.38193994e-06]), 1.5860443533188828e-05, 7.5518027043397501e-05]
[107, array([ -2.62090918e-06,   3.29286403e-07]), 7.4715147175830054e-06, 4.8126726348218794e-05]
#############################################################
[1, array([-0.85778948, -0.7811843 ]), 4.2369039906353656, 16.970892572695615]
[2, array([-0.85778948, -0.7811843 ]), 4.2369039906353656, 15.834465335883895]
[3, array([-0.85778948, -0.7811843 ]), 4.2369039906353656, 15.554905876082348]
[4, array([-0.85778948, -0.7811843 ]), 4.2369039906353656, 14.96845965253342]
[5, array([-0.85778948, -0.7811843 ]), 4.2369039906353656, 14.430263115834578]
[6, array([-0.85778948, -0.7811843 ]), 4.2369039906353656, 13.358250089621247]
[7, array([-0.85778948, -0.7811843 ]), 4.2369039906353656, 12.456795381599978]
[8, array([-1.08104589,  0.05423361]), 3.078087256376993, 11.926022893242225]
[9, array([-1.08104589,  0.05423361]), 3.078087256376993, 10.819907679382409]
[10, array([-1.08104589,  0.05423361]), 3.078087256376993, 9.8832119025497907]
[11, array([-1.08104589,  0.05423361]), 3.078087256376993, 9.7388161275276719]
[12, array([-1.08104589,  0.05423361]), 3.078087256376993, 9.2628220491692943]
[13, array([ 0.88873902,  0.05423361]), 2.7356291670531552, 8.1781666188230471]
[14, array([ 0.88873902,  0.05423361]), 2.7356291670531552, 7.1731453755361159]
[15, array([ 0.88873902,  0.05423361]), 2.7356291670531552, 6.8491244337350441]
[16, array([ 0.88873902,  0.05423361]), 2.7356291670531552, 6.7538206256783866]
[17, array([ 0.88873902,  0.05423361]), 2.7356291670531552, 6.0480713111015421]
[18, array([ 0.88873902,  0.05423361]), 2.7356291670531552, 5.7499982673296568]
[19, array([ 0.88873902,  0.05423361]), 2.7356291670531552, 5.483523108136354]
[20, array([ 0.88873902,  0.05423361]), 2.7356291670531552, 5.2204042582533106]
[21, array([ 0.28992951, -0.12841954]), 2.3471017458627164, 4.8094923385882193]
[22, array([ 0.28992951, -0.12841954]), 2.3471017458627164, 4.5956936459734035]
[23, array([ 0.14348502,  0.18265386]), 1.690070243839124, 4.2875983332624124]
[24, array([ 0.13834351,  0.18265386]), 1.6604031244917548, 4.062900166483403]
[25, array([ 0.13834351,  0.18265386]), 1.6604031244917548, 3.8128937304641219]
[26, array([ 0.13834351,  0.18265386]), 1.6604031244917548, 3.4668706681090371]
[27, array([ 0.13834351,  0.18265386]), 1.6604031244917548, 3.3368618754370316]
[28, array([ 0.13834351,  0.18265386]), 1.6604031244917548, 3.2298306047809069]
[29, array([ 0.13834351,  0.18265386]), 1.6604031244917548, 3.2011098272578762]
[30, array([-0.06673776, -0.14659723]), 1.0322463784411728, 3.0246432546851154]
[31, array([ 0.00743522, -0.05643037]), 0.24501905918935352, 2.8317221267678057]
[32, array([ 0.00743522, -0.05643037]), 0.24501905918935352, 2.5690284466759934]
[33, array([ 0.00743522, -0.05643037]), 0.24501905918935352, 2.4710167327480255]
[34, array([ 0.00743522, -0.05643037]), 0.24501905918935352, 2.2967957194480393]
[35, array([ 0.00743522, -0.05643037]), 0.24501905918935352, 2.1696109603500533]
[36, array([-0.00056227, -0.0132495 ]), 0.042185193257207931, 2.0536237271378717]
[37, array([-0.00056227, -0.0132495 ]), 0.042185193257207931, 1.8008530231978017]
[38, array([ 0.00743522, -0.00819527]), 0.034555785520578031, 1.5388278562589046]
[39, array([ 0.00743522, -0.00819527]), 0.034555785520578031, 1.2329241241331441]
[40, array([ 0.00743522, -0.00819527]), 0.034555785520578031, 1.0526012162153475]
[41, array([ 0.00743522, -0.00819527]), 0.034555785520578031, 0.94363725669252863]
[42, array([ 0.00743522, -0.00819527]), 0.034555785520578031, 0.83513534754415875]
[43, array([ 0.00743522, -0.00819527]), 0.034555785520578031, 0.67462735609499425]
[44, array([ 0.00743522, -0.00819527]), 0.034555785520578031, 0.63840380020466125]
[45, array([ 0.00743522, -0.00819527]), 0.034555785520578031, 0.56673094777402311]
[46, array([ 0.00743522, -0.00819527]), 0.034555785520578031, 0.54498746885395521]
[47, array([ 0.00743522, -0.00819527]), 0.034555785520578031, 0.46286607671002694]
[48, array([ 0.00844535,  0.00150818]), 0.026223609376544221, 0.37971908766804907]
[49, array([ 0.00844535,  0.00150818]), 0.026223609376544221, 0.28924766785620609]
[50, array([ 0.00844535,  0.00150818]), 0.026223609376544221, 0.21523343419909766]
[51, array([-0.00581475,  0.00245394]), 0.018911569811451034, 0.19113813692010001]
[52, array([-0.00581475,  0.00245394]), 0.018911569811451034, 0.17006322443169575]
[53, array([-0.00581475,  0.00245394]), 0.018911569811451034, 0.15171483465879704]
[54, array([-0.00581475,  0.00245394]), 0.018911569811451034, 0.15009248440851666]
[55, array([-0.00581475,  0.00245394]), 0.018911569811451034, 0.13700002099737504]
[56, array([-0.00581475,  0.00245394]), 0.018911569811451034, 0.12846092252800032]
[57, array([-0.00097524, -0.00515169]), 0.015561849404076344, 0.12575809826694639]
[58, array([-0.00097524, -0.00515169]), 0.015561849404076344, 0.10431135804057315]
[59, array([ 0.00060072, -0.00134454]), 0.0042229858193576497, 0.094771616023270597]
[60, array([ -5.24379031e-04,  -5.67461823e-05]), 0.001499234883816758, 0.05314614056815907]
[61, array([ -5.24379031e-04,  -5.67461823e-05]), 0.001499234883816758, 0.040089997805360954]
[62, array([ -5.24379031e-04,  -5.67461823e-05]), 0.001499234883816758, 0.037988710225687061]
[63, array([ -5.24379031e-04,  -5.67461823e-05]), 0.001499234883816758, 0.035061334123957885]
[64, array([ -5.24379031e-04,  -5.67461823e-05]), 0.001499234883816758, 0.034728570604180664]
[65, array([ -5.24379031e-04,  -5.67461823e-05]), 0.001499234883816758, 0.029775956403019867]
[66, array([ -5.24379031e-04,  -5.67461823e-05]), 0.001499234883816758, 0.021813999106286185]
[67, array([ -5.24379031e-04,  -5.67461823e-05]), 0.001499234883816758, 0.018622990199818456]
[68, array([ -5.24379031e-04,  -5.67461823e-05]), 0.001499234883816758, 0.016397341834583745]
[69, array([ -5.24379031e-04,  -5.67461823e-05]), 0.001499234883816758, 0.014825031677330801]
[70, array([ -5.24379031e-04,  -5.67461823e-05]), 0.001499234883816758, 0.013673757461694169]
[71, array([ -5.24379031e-04,  -5.67461823e-05]), 0.001499234883816758, 0.01243437095517903]
[72, array([ -5.24379031e-04,  -5.67461823e-05]), 0.001499234883816758, 0.012275321662759086]
[73, array([ -5.24379031e-04,  -5.67461823e-05]), 0.001499234883816758, 0.009678154691771735]
[74, array([ -5.24379031e-04,  -5.67461823e-05]), 0.001499234883816758, 0.0065741803736520943]
[75, array([ -1.35440286e-04,  -5.67461823e-05]), 0.00041592178826066473, 0.0058831126835049655]
[76, array([ -1.35440286e-04,  -5.67461823e-05]), 0.00041592178826066473, 0.005502349634024295]
[77, array([ -1.35440286e-04,  -5.67461823e-05]), 0.00041592178826066473, 0.0048979549215542482]
[78, array([ -1.35440286e-04,  -5.67461823e-05]), 0.00041592178826066473, 0.0045325050100887944]
[79, array([ -1.35440286e-04,  -5.67461823e-05]), 0.00041592178826066473, 0.0042606909423573034]
[80, array([ -1.35440286e-04,  -5.67461823e-05]), 0.00041592178826066473, 0.0040726716005392129]
[81, array([ -1.35440286e-04,  -5.67461823e-05]), 0.00041592178826066473, 0.0038553670571498167]
[82, array([  8.71627421e-05,   8.47180287e-05]), 0.0003441897322677967, 0.0035042891862063106]
[83, array([  8.71627421e-05,   8.47180287e-05]), 0.0003441897322677967, 0.0029310131566883334]
[84, array([  8.71627421e-05,   8.47180287e-05]), 0.0003441897322677967, 0.002463371947580928]
[85, array([  8.71627421e-05,   8.47180287e-05]), 0.0003441897322677967, 0.0022855820722855746]
[86, array([ -1.16636044e-04,   1.57289620e-05]), 0.00033325160542974075, 0.0019461466699257635]
[87, array([ -1.16636044e-04,   1.57289620e-05]), 0.00033325160542974075, 0.0018539003950757583]
[88, array([  8.71627421e-05,  -7.58704145e-06]), 0.00024766950081600569, 0.0017246636497879387]
[89, array([  8.71627421e-05,  -7.58704145e-06]), 0.00024766950081600569, 0.001382888491064893]
[90, array([  8.71627421e-05,  -7.58704145e-06]), 0.00024766950081600569, 0.0012228899008866812]
[91, array([  5.84652435e-05,   4.17375065e-05]), 0.00020331622866054389, 0.0010332921557185237]
[92, array([  5.84652435e-05,   4.17375065e-05]), 0.00020331622866054389, 0.00097320495452288822]
[93, array([  5.84652435e-05,   4.17375065e-05]), 0.00020331622866054389, 0.00086969696736316493]
[94, array([  5.84652435e-05,   4.17375065e-05]), 0.00020331622866054389, 0.00076996995378193485]
[95, array([  6.65931087e-06,  -2.33229423e-05]), 6.8619225804145145e-05, 0.00067570950883206744]
[96, array([ -1.37492140e-05,   2.09870571e-06]), 3.9344236047345049e-05, 0.00058733948029177085]
[97, array([ -1.37492140e-05,   2.09870571e-06]), 3.9344236047345049e-05, 0.0005509843228863609]
[98, array([ -1.37492140e-05,   2.09870571e-06]), 3.9344236047345049e-05, 0.00052238008488485481]
[99, array([ -1.37492140e-05,   2.09870571e-06]), 3.9344236047345049e-05, 0.00040662332809988656]
[100, array([ -1.37492140e-05,   2.09870571e-06]), 3.9344236047345049e-05, 0.00038621218878622801]
[101, array([ -1.37492140e-05,   2.09870571e-06]), 3.9344236047345049e-05, 0.00033305472151186067]
[102, array([ -1.37492140e-05,   2.09870571e-06]), 3.9344236047345049e-05, 0.00031075504525910345]
[103, array([ -1.37492140e-05,   2.09870571e-06]), 3.9344236047345049e-05, 0.00028656152562787083]
[104, array([  6.65931087e-06,   6.88178161e-06]), 2.7088281715936802e-05, 0.00025075630897566372]
[105, array([  6.65931087e-06,   6.88178161e-06]), 2.7088281715936802e-05, 0.00021206391909922573]
[106, array([  6.65931087e-06,   6.88178161e-06]), 2.7088281715936802e-05, 0.00020447045296778654]
[107, array([  6.65931087e-06,   6.88178161e-06]), 2.7088281715936802e-05, 0.00017575320810516714]
[108, array([  6.65931087e-06,   6.88178161e-06]), 2.7088281715936802e-05, 0.0001429566589064457]
[109, array([  6.65931087e-06,   6.88178161e-06]), 2.7088281715936802e-05, 0.00012305062953794633]
[110, array([  6.65931087e-06,   6.88178161e-06]), 2.7088281715936802e-05, 0.00011212745596855811]
[111, array([  6.65931087e-06,   6.88178161e-06]), 2.7088281715936802e-05, 8.8541469684688676e-05]
[112, array([  6.65931087e-06,   6.88178161e-06]), 2.7088281715936802e-05, 8.4275609568695842e-05]
[113, array([  6.65931087e-06,   6.88178161e-06]), 2.7088281715936802e-05, 7.8614137675092616e-05]
[114, array([  6.65931087e-06,   6.88178161e-06]), 2.7088281715936802e-05, 7.8464884208795388e-05]
[115, array([  6.65931087e-06,   6.88178161e-06]), 2.7088281715936802e-05, 7.0244715666145649e-05]
[116, array([ -6.25819077e-07,  -1.04908258e-07]), 1.7947926278516491e-06, 6.4909515207833832e-05]
#############################################################
[1, array([ 2.01928793,  2.03696557]), 6.7149233573038138, 17.677544383339118]
[2, array([ 2.01928793,  2.03696557]), 6.7149233573038138, 17.473327073579533]
[3, array([ 2.01928793,  2.03696557]), 6.7149233573038138, 16.752063518620353]
[4, array([ 2.01928793,  2.03696557]), 6.7149233573038138, 16.14705333208898]
[5, array([ 2.16743372,  0.09727363]), 6.073011752019049, 14.837430415818407]
[6, array([ 2.16743372,  0.09727363]), 6.073011752019049, 14.472601810628067]
[7, array([ 2.16743372,  0.09727363]), 6.073011752019049, 13.710024168660487]
[8, array([ 2.16743372,  0.09727363]), 6.073011752019049, 13.583328315197212]
[9, array([ 2.16743372,  0.09727363]), 6.073011752019049, 13.26386310557611]
[10, array([ 2.16743372,  0.09727363]), 6.073011752019049, 12.576223158296051]
[11, array([-1.04835681, -1.1769369 ]), 4.7033472201166759, 11.480927791341912]
[12, array([-1.04835681, -1.1769369 ]), 4.7033472201166759, 11.209322201214063]
[13, array([-1.04835681, -1.1769369 ]), 4.7033472201166759, 10.917370345463384]
[14, array([-1.04835681, -1.1769369 ]), 4.7033472201166759, 10.478198541687439]
[15, array([-1.04835681, -1.1769369 ]), 4.7033472201166759, 10.084225251303817]
[16, array([-1.04835681, -1.1769369 ]), 4.7033472201166759, 9.1456643619331039]
[17, array([-1.04835681, -1.1769369 ]), 4.7033472201166759, 8.6215717296011203]
[18, array([-1.04835681, -1.1769369 ]), 4.7033472201166759, 8.5352271158343989]
[19, array([-0.86145503, -0.15926575]), 3.2410470030941778, 7.5348386258897619]
[20, array([-0.86145503, -0.15926575]), 3.2410470030941778, 7.2708753215457431]
[21, array([-0.86145503, -0.15926575]), 3.2410470030941778, 6.8889745011745251]
[22, array([-0.86145503, -0.15926575]), 3.2410470030941778, 6.3456216651053108]
[23, array([-0.86145503, -0.15926575]), 3.2410470030941778, 5.6622501226155242]
[24, array([-0.19822775, -0.31028975]), 2.7578705889078354, 5.3995110288770265]
[25, array([ 0.30079838, -0.06889045]), 2.2265166724319632, 4.9697315172173147]
[26, array([ 0.30079838, -0.06889045]), 2.2265166724319632, 4.595794884580866]
[27, array([-0.25697911, -0.06889045]), 1.9165260985547268, 4.1248366762868667]
[28, array([-0.13154906, -0.14202917]), 1.3381067726177318, 3.6472492954983009]
[29, array([-0.13154906, -0.14202917]), 1.3381067726177318, 3.5385037314014154]
[30, array([-0.04605984,  0.00405833]), 0.18672457544020249, 3.2811540550390048]
[31, array([-0.04605984,  0.00405833]), 0.18672457544020249, 2.7883133527863011]
[32, array([-0.04605984,  0.00405833]), 0.18672457544020249, 2.3431032882588041]
[33, array([-0.04605984,  0.00405833]), 0.18672457544020249, 2.2588315432264752]
[34, array([-0.04605984,  0.00405833]), 0.18672457544020249, 2.0779112868791549]
[35, array([-0.04605984,  0.00405833]), 0.18672457544020249, 1.9217524993071637]
[36, array([-0.04605984,  0.00405833]), 0.18672457544020249, 1.6519594591078852]
[37, array([-0.04605984,  0.00405833]), 0.18672457544020249, 1.6370748498388661]
[38, array([-0.04605984,  0.00405833]), 0.18672457544020249, 1.5095653821629811]
[39, array([-0.04605984,  0.00405833]), 0.18672457544020249, 1.4028647312179614]
[40, array([-0.04605984,  0.00405833]), 0.18672457544020249, 1.3113604443067606]
[41, array([-0.04605984,  0.00405833]), 0.18672457544020249, 1.2537667717019589]
[42, array([-0.04605984,  0.00405833]), 0.18672457544020249, 1.2235209513222711]
[43, array([-0.00262068, -0.0273228 ]), 0.09757358306534103, 1.0179808233387733]
[44, array([-0.00262068, -0.0273228 ]), 0.09757358306534103, 0.84839702971495934]
[45, array([-0.00262068, -0.0273228 ]), 0.09757358306534103, 0.7200977244877057]
[46, array([-0.00262068, -0.0273228 ]), 0.09757358306534103, 0.66547895503527044]
[47, array([-0.00262068, -0.0273228 ]), 0.09757358306534103, 0.55163769262822893]
[48, array([ 0.01024427, -0.00600011]), 0.037328804472274602, 0.40885487305193247]
[49, array([ 0.01024427, -0.00600011]), 0.037328804472274602, 0.32799780761787839]
[50, array([ 0.01024427, -0.00600011]), 0.037328804472274602, 0.25042470831021851]
[51, array([ 0.00408365,  0.00275914]), 0.014586262813893303, 0.20786380395082463]
[52, array([ 0.00408365,  0.00275914]), 0.014586262813893303, 0.19492194757383752]
[53, array([ 0.00408365,  0.00275914]), 0.014586262813893303, 0.15879122057663234]
[54, array([ 0.00408365,  0.00275914]), 0.014586262813893303, 0.13728717106937677]
[55, array([ 0.00408365,  0.00275914]), 0.014586262813893303, 0.1039268129923431]
[56, array([ 0.00408365,  0.00275914]), 0.014586262813893303, 0.086772465287354009]
[57, array([-0.00403172,  0.0013116 ]), 0.012470272280954209, 0.056433034853572206]
[58, array([-0.00056844,  0.00170132]), 0.0051592183733260022, 0.053591382944833565]
[59, array([-0.00037877,  0.00170132]), 0.0050107563419925505, 0.042067774448987814]
[60, array([-0.00037877,  0.00170132]), 0.0050107563419925505, 0.033948692932386226]
[61, array([-0.00037877,  0.00170132]), 0.0050107563419925505, 0.020520865376417508]
[62, array([-0.00037877,  0.00170132]), 0.0050107563419925505, 0.017351300360254829]
[63, array([-0.00037877,  0.00170132]), 0.0050107563419925505, 0.015407921518899225]
[64, array([ 0.00059427, -0.00118372]), 0.0037930099644616355, 0.012939214979084479]
[65, array([ 0.00059427, -0.00118372]), 0.0037930099644616355, 0.012655570115224269]
[66, array([-0.0007328 , -0.00018264]), 0.0021512568442578761, 0.011770576262437072]
[67, array([-0.0007328 , -0.00018264]), 0.0021512568442578761, 0.010104674455593798]
[68, array([  2.46243653e-05,  -1.40536440e-04]), 0.00040409479616387856, 0.0093450482875080173]
[69, array([  2.46243653e-05,  -1.40536440e-04]), 0.00040409479616387856, 0.0083076749461040052]
[70, array([  2.46243653e-05,  -1.40536440e-04]), 0.00040409479616387856, 0.0081266771630693849]
[71, array([  2.46243653e-05,  -1.40536440e-04]), 0.00040409479616387856, 0.0071498265554466476]
[72, array([  2.46243653e-05,  -1.40536440e-04]), 0.00040409479616387856, 0.0060975557822017913]
[73, array([  2.46243653e-05,  -1.40536440e-04]), 0.00040409479616387856, 0.0050472016246254194]
[74, array([  2.46243653e-05,  -1.40536440e-04]), 0.00040409479616387856, 0.0042364550339548225]
[75, array([  2.46243653e-05,  -1.40536440e-04]), 0.00040409479616387856, 0.0040520521521572482]
[76, array([  2.46243653e-05,  -1.40536440e-04]), 0.00040409479616387856, 0.0032920195671395369]
[77, array([  2.46243653e-05,  -1.40536440e-04]), 0.00040409479616387856, 0.0026465105299142699]
[78, array([  2.46243653e-05,  -1.40536440e-04]), 0.00040409479616387856, 0.0023061175071213747]
[79, array([  2.46243653e-05,  -1.40536440e-04]), 0.00040409479616387856, 0.0019824716303026512]
[80, array([  2.46243653e-05,  -1.40536440e-04]), 0.00040409479616387856, 0.0018288452399231937]
[81, array([  1.26388846e-05,   1.41650676e-04]), 0.00040277882927641784, 0.0017596545940640417]
[82, array([  1.26388846e-05,   1.41650676e-04]), 0.00040277882927641784, 0.0015456434066886792]
[83, array([  1.26388846e-05,   1.41650676e-04]), 0.00040277882927641784, 0.0013888582295741082]
[84, array([  1.26388846e-05,   1.41650676e-04]), 0.00040277882927641784, 0.0012631408292098634]
[85, array([ -9.56917439e-06,  -1.91442360e-05]), 6.0547864564330922e-05, 0.0011376513061377657]
[86, array([ -9.56917439e-06,  -1.91442360e-05]), 6.0547864564330922e-05, 0.00087935397276774909]
[87, array([ -9.56917439e-06,  -1.91442360e-05]), 6.0547864564330922e-05, 0.00081979308995405731]
[88, array([ -9.56917439e-06,  -1.91442360e-05]), 6.0547864564330922e-05, 0.00068853300864359925]
[89, array([ -9.56917439e-06,  -1.91442360e-05]), 6.0547864564330922e-05, 0.00061618065638500139]
[90, array([ -9.56917439e-06,  -1.91442360e-05]), 6.0547864564330922e-05, 0.0006143423913589352]
[91, array([ -9.56917439e-06,  -1.91442360e-05]), 6.0547864564330922e-05, 0.00055485567102939724]
[92, array([ -9.56917439e-06,  -1.91442360e-05]), 6.0547864564330922e-05, 0.00049291199742134144]
[93, array([ -9.56917439e-06,  -1.91442360e-05]), 6.0547864564330922e-05, 0.00044016086570097812]
[94, array([ -9.56917439e-06,  -1.91442360e-05]), 6.0547864564330922e-05, 0.0003791752423176753]
[95, array([ -9.56917439e-06,  -1.91442360e-05]), 6.0547864564330922e-05, 0.00035388047892181973]
[96, array([ -1.06555515e-05,   1.04004540e-05]), 4.2121005123352262e-05, 0.00033415199641906312]
[97, array([ -1.06555515e-05,   1.04004540e-05]), 4.2121005123352262e-05, 0.00030892724369868674]
[98, array([ -1.06555515e-05,   1.04004540e-05]), 4.2121005123352262e-05, 0.00026228581856591049]
[99, array([ -1.06555515e-05,   1.04004540e-05]), 4.2121005123352262e-05, 0.00025336728474405489]
[100, array([  2.36258672e-06,   1.04004540e-05]), 3.0169402184032634e-05, 0.00022215802241349892]
[101, array([  2.36258672e-06,   1.04004540e-05]), 3.0169402184032634e-05, 0.00018610776888001724]
[102, array([ -8.40169338e-06,  -4.26109416e-06]), 2.6647494046461162e-05, 0.00014176869342579223]
[103, array([ -8.40169338e-06,  -4.26109416e-06]), 2.6647494046461162e-05, 0.00013782740357468626]
[104, array([ -8.40169338e-06,  -4.26109416e-06]), 2.6647494046461162e-05, 0.00010418612016751538]
[105, array([ -2.89922839e-06,   4.64442872e-06]), 1.5486596474989511e-05, 8.9017215608055977e-05]
[106, array([ -2.70058391e-06,   1.49500452e-06]), 8.730977377968685e-06, 7.5980344422799106e-05]
#############################################################
[1, array([ 2.01928793,  2.03696557]), 6.7149233573038138, 18.559601769012978]
[2, array([ 2.01928793,  2.03696557]), 6.7149233573038138, 18.251039692863046]
[3, array([ 2.01928793,  2.03696557]), 6.7149233573038138, 16.473900004382418]
[4, array([ 2.01928793,  2.03696557]), 6.7149233573038138, 16.473900004382418]
[5, array([-0.18995377, -0.40415375]), 3.1460585285747276, 15.042897277471212]
[6, array([-0.18995377, -0.40415375]), 3.1460585285747276, 14.323683059703203]
[7, array([-0.18995377, -0.40415375]), 3.1460585285747276, 14.185708981489743]
[8, array([-0.18995377, -0.40415375]), 3.1460585285747276, 13.039437924201048]
[9, array([-0.18995377, -0.40415375]), 3.1460585285747276, 12.801795100860321]
[10, array([-0.18995377, -0.40415375]), 3.1460585285747276, 11.796720060394629]
[11, array([ 0.12042192, -0.35107834]), 2.6717553210293272, 11.016316182803424]
[12, array([ 0.12042192, -0.35107834]), 2.6717553210293272, 9.9417237993720704]
[13, array([ 0.12042192, -0.35107834]), 2.6717553210293272, 9.4718980746467931]
[14, array([ 0.30115385, -0.13009617]), 2.4228230077635087, 8.5257022325658056]
[15, array([ 0.30115385, -0.13009617]), 2.4228230077635087, 8.0021918219773678]
[16, array([ 0.30115385, -0.13009617]), 2.4228230077635087, 7.6329506334631159]
[17, array([ 0.18737495,  0.02130528]), 1.2564200773130172, 6.3275605080919366]
[18, array([ 0.18737495,  0.02130528]), 1.2564200773130172, 5.8041375632924694]
[19, array([ 0.18737495,  0.02130528]), 1.2564200773130172, 5.1524823554156693]
[20, array([ 0.18737495,  0.02130528]), 1.2564200773130172, 4.7301143091912365]
[21, array([ 0.18737495,  0.02130528]), 1.2564200773130172, 4.4537780171227928]
[22, array([ 0.18737495,  0.02130528]), 1.2564200773130172, 4.1701459309082143]
[23, array([ 0.18737495,  0.02130528]), 1.2564200773130172, 4.0164562184731638]
[24, array([ 0.18737495,  0.02130528]), 1.2564200773130172, 3.9099340015648543]
[25, array([ 0.18737495,  0.02130528]), 1.2564200773130172, 3.8393275303151215]
[26, array([ 0.18737495,  0.02130528]), 1.2564200773130172, 3.4785572475526294]
[27, array([ 0.18737495,  0.02130528]), 1.2564200773130172, 3.437202499155132]
[28, array([ 0.04392013, -0.03713943]), 0.2488694397455693, 2.9900260205214009]
[29, array([ 0.04392013, -0.03713943]), 0.2488694397455693, 2.7459000855844296]
[30, array([ 0.04392013, -0.03713943]), 0.2488694397455693, 2.646309854254727]
[31, array([ 0.04392013, -0.03713943]), 0.2488694397455693, 2.6093446261368811]
[32, array([ 0.04392013, -0.03713943]), 0.2488694397455693, 2.2671202044064707]
[33, array([ 0.04392013, -0.03713943]), 0.2488694397455693, 2.0490753753746143]
[34, array([ 0.04392013, -0.03713943]), 0.2488694397455693, 1.9060838726316145]
[35, array([ 0.04392013, -0.03713943]), 0.2488694397455693, 1.7351959749446153]
[36, array([ 0.04392013, -0.03713943]), 0.2488694397455693, 1.5886522256664315]
[37, array([ 0.00152578, -0.05204111]), 0.2178458318655605, 1.334488397882867]
[38, array([ 0.04408135, -0.0169974 ]), 0.1920790018390055, 1.2738592377164859]
[39, array([ 0.04408135, -0.0169974 ]), 0.1920790018390055, 1.0989397742601958]
[40, array([ 0.04408135, -0.0169974 ]), 0.1920790018390055, 0.93209984568844084]
[41, array([ 0.04408135, -0.0169974 ]), 0.1920790018390055, 0.72380541445649837]
[42, array([ 0.04392013, -0.01256857]), 0.18388847808270414, 0.62437477773746486]
[43, array([-0.02737713,  0.00289053]), 0.097920419822625338, 0.51826765528888041]
[44, array([ 0.01437541,  0.00289053]), 0.047189068629809316, 0.45588091291963656]
[45, array([ 0.01437541,  0.00289053]), 0.047189068629809316, 0.39286660683100916]
[46, array([ 0.01437541,  0.00289053]), 0.047189068629809316, 0.31679972426220077]
[47, array([ 0.01437541,  0.00289053]), 0.047189068629809316, 0.26166400618070867]
[48, array([-0.01005325,  0.00170402]), 0.031606712875494214, 0.24310120092709947]
[49, array([-0.01005325,  0.00170402]), 0.031606712875494214, 0.22197350680832501]
[50, array([-0.01005325,  0.00170402]), 0.031606712875494214, 0.19480374908027764]
[51, array([ 0.00966581,  0.00170402]), 0.030323776002096015, 0.18159974725808245]
[52, array([ 0.00966581,  0.00170402]), 0.030323776002096015, 0.15739958310963412]
[53, array([ 0.00966581,  0.00170402]), 0.030323776002096015, 0.13843612925098983]
[54, array([ 0.00966581,  0.00170402]), 0.030323776002096015, 0.10737542511758039]
[55, array([ 0.00260647,  0.00289053]), 0.01141200925601682, 0.087076411305686732]
[56, array([ 0.00260647,  0.00289053]), 0.01141200925601682, 0.081847180570041103]
[57, array([ 0.00152754,  0.00251054]), 0.0085419523155789712, 0.070358244592108307]
[58, array([ 0.00152754,  0.00251054]), 0.0085419523155789712, 0.065167968081400837]
[59, array([ 0.00152754,  0.00251054]), 0.0085419523155789712, 0.057542628635389281]
[60, array([ 0.00152754,  0.00251054]), 0.0085419523155789712, 0.050042838122585476]
[61, array([ 0.00152754,  0.00251054]), 0.0085419523155789712, 0.042816060148280412]
[62, array([ 0.00152754,  0.00251054]), 0.0085419523155789712, 0.040185459948120707]
[63, array([-0.00038757, -0.00216821]), 0.0063590024763766628, 0.036526596262011865]
[64, array([-0.00038757, -0.00216821]), 0.0063590024763766628, 0.029057560970148711]
[65, array([-0.00038757, -0.00216821]), 0.0063590024763766628, 0.024803472437604678]
[66, array([-0.00038757, -0.00216821]), 0.0063590024763766628, 0.021510567597513221]
[67, array([-0.00038757, -0.00216821]), 0.0063590024763766628, 0.018585067723774794]
[68, array([-0.00038757, -0.00216821]), 0.0063590024763766628, 0.018371247771100219]
[69, array([-0.00099152, -0.00135984]), 0.0048354850240461822, 0.017061869572404388]
[70, array([-0.00037478, -0.00105091]), 0.0031889400202662621, 0.014911854308387706]
[71, array([-0.00037478, -0.00105091]), 0.0031889400202662621, 0.013610219426161673]
[72, array([-0.00037478, -0.00105091]), 0.0031889400202662621, 0.012080576631808615]
[73, array([-0.00038757, -0.00019619]), 0.001233683994013024, 0.0082606917076868853]
[74, array([-0.00038757, -0.00019619]), 0.001233683994013024, 0.0075237453918476586]
[75, array([-0.00038757, -0.00019619]), 0.001233683994013024, 0.0068060156585773692]
[76, array([-0.00038757, -0.00019619]), 0.001233683994013024, 0.0052592140885496796]
[77, array([  6.34252168e-05,  -1.96194862e-04]), 0.00058433143868841242, 0.0045161185265320649]
[78, array([  6.34252168e-05,  -1.96194862e-04]), 0.00058433143868841242, 0.0036738868556830616]
[79, array([  6.34252168e-05,  -1.96194862e-04]), 0.00058433143868841242, 0.002858461589328609]
[80, array([  6.34252168e-05,  -1.96194862e-04]), 0.00058433143868841242, 0.002689525171390894]
[81, array([  6.34252168e-05,  -1.96194862e-04]), 0.00058433143868841242, 0.0022729596956776454]
[82, array([  6.34252168e-05,  -1.96194862e-04]), 0.00058433143868841242, 0.0019308927254432894]
[83, array([  6.34252168e-05,  -1.96194862e-04]), 0.00058433143868841242, 0.0018588882104242366]
[84, array([  6.34252168e-05,  -1.96194862e-04]), 0.00058433143868841242, 0.0016164458691336314]
[85, array([-0.00013047, -0.00010735]), 0.00047864058237978568, 0.0015096011172944124]
[86, array([-0.00013047, -0.00010735]), 0.00047864058237978568, 0.0012939999347179488]
[87, array([  1.54402058e-04,  -6.73918269e-05]), 0.00047725678678078864, 0.00095198045328990231]
[88, array([  1.00470539e-04,  -6.73918269e-05]), 0.00034257082557731522, 0.00086658196172164639]
[89, array([ -7.26500547e-05,  -7.43254754e-05]), 0.00029425780584846351, 0.00075834268527268382]
[90, array([  7.74674197e-05,  -6.03424415e-05]), 0.00027799637164038771, 0.00068070597201677077]
[91, array([  7.74674197e-05,  -6.03424415e-05]), 0.00027799637164038771, 0.00058554539537878367]
[92, array([ -6.66587611e-05,  -1.13814740e-05]), 0.00019138971540444416, 0.00052728438352813713]
[93, array([ -6.66587611e-05,  -1.13814740e-05]), 0.00019138971540444416, 0.00048174813744834567]
[94, array([ -6.66587611e-05,  -1.13814740e-05]), 0.00019138971540444416, 0.00041375142747730466]
[95, array([ -1.15982411e-05,   5.36265141e-06]), 3.6145983298485618e-05, 0.00032881455383515501]
[96, array([  1.00263048e-05,   6.91966881e-06]), 3.4460719586792976e-05, 0.00023914583458468642]
[97, array([  1.00263048e-05,   6.91966881e-06]), 3.4460719586792976e-05, 0.0002106985681595397]
[98, array([  1.00263048e-05,   6.91966881e-06]), 3.4460719586792976e-05, 0.00020185165409545292]
[99, array([  1.00263048e-05,   6.91966881e-06]), 3.4460719586792976e-05, 0.00019671427054879231]
[100, array([  1.00263048e-05,   6.91966881e-06]), 3.4460719586792976e-05, 0.00018734065063776839]
[101, array([  1.00263048e-05,   6.91966881e-06]), 3.4460719586792976e-05, 0.00015792666087639519]
[102, array([  1.00263048e-05,   6.91966881e-06]), 3.4460719586792976e-05, 0.00014279113176245416]
[103, array([ -1.26386231e-06,  -3.07697547e-06]), 9.4088550004478577e-06, 0.00012331059788204258]
#############################################################
[1, array([ 2.01928793,  2.03696557]), 6.7149233573038138, 18.4822514661738]
[2, array([ 2.01928793,  2.03696557]), 6.7149233573038138, 17.907738318436504]
[3, array([ 2.01928793,  2.03696557]), 6.7149233573038138, 17.390056394841739]
[4, array([ 2.01928793,  2.03696557]), 6.7149233573038138, 17.091986074326105]
[5, array([ 2.01928793,  2.03696557]), 6.7149233573038138, 16.100056501909236]
[6, array([ 2.01928793,  2.03696557]), 6.7149233573038138, 14.649214755701768]
[7, array([ 2.01928793,  2.03696557]), 6.7149233573038138, 13.536700776382833]
[8, array([-2.16333003,  0.12618473]), 6.1570281084499712, 12.448827141371424]
[9, array([ 0.50310385,  0.11754726]), 3.2495600534651818, 11.722862242418747]
[10, array([ 0.35336  , -0.2186657]), 3.0447480661626298, 10.635663288874342]
[11, array([ 0.35336  , -0.2186657]), 3.0447480661626298, 8.9495814467887165]
[12, array([ 0.35336  , -0.2186657]), 3.0447480661626298, 8.5837763470446085]
[13, array([-0.14050481,  0.27940609]), 2.3304678587294281, 7.4333874917435878]
[14, array([-0.14050481,  0.27940609]), 2.3304678587294281, 7.0651471360651446]
[15, array([-0.14050481,  0.27940609]), 2.3304678587294281, 6.6542277093795876]
[16, array([-0.14050481,  0.27940609]), 2.3304678587294281, 6.3675592763023001]
[17, array([-0.14050481,  0.27940609]), 2.3304678587294281, 6.2642771752652981]
[18, array([-0.14050481,  0.27940609]), 2.3304678587294281, 6.0130232694030301]
[19, array([-0.14050481,  0.27940609]), 2.3304678587294281, 5.5888312925883179]
[20, array([-0.14050481,  0.27940609]), 2.3304678587294281, 5.1882041531629453]
[21, array([-0.14050481,  0.27940609]), 2.3304678587294281, 5.1206827554696268]
[22, array([-0.14050481,  0.27940609]), 2.3304678587294281, 4.9494806187070122]
[23, array([-0.14050481,  0.27940609]), 2.3304678587294281, 4.357833504727906]
[24, array([-0.14050481,  0.27940609]), 2.3304678587294281, 4.0884842603010529]
[25, array([-0.14050481,  0.27940609]), 2.3304678587294281, 3.7440207950513864]
[26, array([-0.14050481,  0.27940609]), 2.3304678587294281, 3.6532921730525749]
[27, array([-0.14050481,  0.27940609]), 2.3304678587294281, 3.3443309872070328]
[28, array([-0.0710177 , -0.21904773]), 1.6298796382069658, 3.1077253589758138]
[29, array([-0.0710177 , -0.21904773]), 1.6298796382069658, 3.0679292861985936]
[30, array([-0.12300494, -0.12681435]), 1.1829614576851708, 2.7185417194908803]
[31, array([-0.00905162, -0.13607728]), 0.81318296917168498, 2.4599973225163252]
[32, array([-0.00905162, -0.13607728]), 0.81318296917168498, 2.2619934401631454]
[33, array([ 0.02728709,  0.12619542]), 0.75553031554612859, 1.9376357928969363]
[34, array([ 0.02728709,  0.12619542]), 0.75553031554612859, 1.841536121033045]
[35, array([ 0.08966239,  0.00061989]), 0.45414633031549601, 1.6388343018257299]
[36, array([ 0.08966239,  0.00061989]), 0.45414633031549601, 1.538716153776011]
[37, array([-0.01673357, -0.02037681]), 0.093004649950544138, 1.3410382444398989]
[38, array([-0.01673357, -0.02037681]), 0.093004649950544138, 1.3061963539333772]
[39, array([-0.01673357, -0.02037681]), 0.093004649950544138, 1.0657436387355341]
[40, array([-0.01673357, -0.02037681]), 0.093004649950544138, 1.000562183572516]
[41, array([-0.01673357, -0.02037681]), 0.093004649950544138, 0.84380412647189273]
[42, array([-0.01673357, -0.02037681]), 0.093004649950544138, 0.67487707580407119]
[43, array([-0.01673357, -0.02037681]), 0.093004649950544138, 0.58824475697269007]
[44, array([-0.01673357, -0.02037681]), 0.093004649950544138, 0.47014963261345438]
[45, array([-0.00937067, -0.00814622]), 0.039220382251653252, 0.39681126079252282]
[46, array([-0.00064922,  0.00690644]), 0.02090133379089254, 0.25492798575088937]
[47, array([-0.00064922,  0.00690644]), 0.02090133379089254, 0.2466524840596665]
[48, array([-0.00064922,  0.00690644]), 0.02090133379089254, 0.18405931999906847]
[49, array([-0.00064922,  0.00690644]), 0.02090133379089254, 0.14320313165427095]
[50, array([-0.00389509, -0.0020341 ]), 0.012942872223718371, 0.11972369156998655]
[51, array([-0.00389509, -0.0020341 ]), 0.012942872223718371, 0.10879126451684647]
[52, array([-0.00302312, -0.0020341 ]), 0.010659572428320718, 0.087409743514745217]
[53, array([-0.00302312, -0.0020341 ]), 0.010659572428320718, 0.072273699811935807]
[54, array([-0.00130544, -0.00173833]), 0.0062746319488700131, 0.049519552779147789]
[55, array([-0.00130544, -0.00173833]), 0.0062746319488700131, 0.045191870394852972]
[56, array([-0.00130544, -0.00173833]), 0.0062746319488700131, 0.029019593684009325]
[57, array([-0.00130544, -0.00173833]), 0.0062746319488700131, 0.021771586519432784]
[58, array([-0.00130544, -0.00173833]), 0.0062746319488700131, 0.020290695755258437]
[59, array([ 0.0013369 , -0.00138752]), 0.005548642843944851, 0.016160635611895645]
[60, array([ 0.0013369 , -0.00138752]), 0.005548642843944851, 0.013089631998773842]
[61, array([ 0.0013369 , -0.00138752]), 0.005548642843944851, 0.012297722030562407]
[62, array([ 0.0013369 , -0.00138752]), 0.005548642843944851, 0.011988339410425741]
[63, array([ 0.00052326, -0.0004284 ]), 0.0019249382266974813, 0.010957536259382561]
[64, array([ 0.00052326, -0.0004284 ]), 0.0019249382266974813, 0.010537770325192587]
[65, array([-0.00043485, -0.00022553]), 0.0013919108251561063, 0.0085191420933189658]
[66, array([-0.00043485, -0.00022553]), 0.0013919108251561063, 0.0067156308538787179]
[67, array([-0.00014006, -0.00022553]), 0.00075277617464708513, 0.0058117703444170669]
[68, array([-0.00014006, -0.00022553]), 0.00075277617464708513, 0.0056341164748755727]
[69, array([-0.00014006, -0.00022553]), 0.00075277617464708513, 0.0054516188342273782]
[70, array([-0.00014006, -0.00022553]), 0.00075277617464708513, 0.004514556053114749]
[71, array([-0.00014006, -0.00022553]), 0.00075277617464708513, 0.0039567559363036684]
[72, array([-0.00014006, -0.00022553]), 0.00075277617464708513, 0.0036989040401778973]
[73, array([-0.00014006, -0.00022553]), 0.00075277617464708513, 0.0032971815027114993]
[74, array([-0.00014006, -0.00022553]), 0.00075277617464708513, 0.0031325339838910614]
[75, array([ 0.00011164, -0.00013631]), 0.00049917685121103617, 0.0023485286339259837]
[76, array([  3.80903250e-05,   1.24611127e-04]), 0.00036900394059502517, 0.002092534083405706]
[77, array([  3.80903250e-05,   1.24611127e-04]), 0.00036900394059502517, 0.0019785309031239429]
[78, array([  3.80903250e-05,   1.24611127e-04]), 0.00036900394059502517, 0.0017324009835133047]
[79, array([  3.80903250e-05,   1.24611127e-04]), 0.00036900394059502517, 0.0015219491489991022]
[80, array([ -3.06832479e-06,   1.13739190e-04]), 0.00032216477939828181, 0.0013802531582777001]
[81, array([ -7.17612458e-05,  -8.68665265e-05]), 0.00031902875377598505, 0.0011221796755379819]
[82, array([ -1.56262658e-05,   7.94835856e-06]), 4.9595004068425652e-05, 0.0010365978721908141]
[83, array([ -1.56262658e-05,   7.94835856e-06]), 4.9595004068425652e-05, 0.00090426437518074108]
[84, array([ -1.56262658e-05,   7.94835856e-06]), 4.9595004068425652e-05, 0.00086088924240170785]
[85, array([ -1.56262658e-05,   7.94835856e-06]), 4.9595004068425652e-05, 0.00084522277093670441]
[86, array([ -1.56262658e-05,   7.94835856e-06]), 4.9595004068425652e-05, 0.00068522440432934313]
[87, array([ -1.56262658e-05,   7.94835856e-06]), 4.9595004068425652e-05, 0.00054683683654799253]
[88, array([ -1.56262658e-05,   7.94835856e-06]), 4.9595004068425652e-05, 0.00044974444014647121]
[89, array([ -6.33316511e-06,   2.63791621e-06]), 1.9405908898040281e-05, 0.00044158222235273213]
[90, array([ -6.33316511e-06,   2.63791621e-06]), 1.9405908898040281e-05, 0.00038324111668410767]
[91, array([ -6.33316511e-06,   2.63791621e-06]), 1.9405908898040281e-05, 0.00036108373844756514]
[92, array([ -6.33316511e-06,   2.63791621e-06]), 1.9405908898040281e-05, 0.00032866367312118784]
[93, array([ -6.33316511e-06,   2.63791621e-06]), 1.9405908898040281e-05, 0.00030252764622273887]
[94, array([ -6.33316511e-06,   2.63791621e-06]), 1.9405908898040281e-05, 0.00022917025839221949]
[95, array([ -6.33316511e-06,   2.63791621e-06]), 1.9405908898040281e-05, 0.00022110083782100887]
[96, array([ -6.33316511e-06,   2.63791621e-06]), 1.9405908898040281e-05, 0.0002117126805331715]
[97, array([ -6.33316511e-06,   2.63791621e-06]), 1.9405908898040281e-05, 0.00018418499111119146]
[98, array([ -6.33316511e-06,   2.63791621e-06]), 1.9405908898040281e-05, 0.00016549087376889205]
[99, array([  2.74753496e-06,   2.63791621e-06]), 1.0773519666162912e-05, 0.0001553093557011387]
[100, array([  2.74753496e-06,   2.63791621e-06]), 1.0773519666162912e-05, 0.00014340621698165633]
[101, array([  2.74753496e-06,   2.63791621e-06]), 1.0773519666162912e-05, 0.00013235470422694461]
[102, array([  2.74753496e-06,   2.63791621e-06]), 1.0773519666162912e-05, 0.00010199913693300643]
[103, array([  2.99124496e-06,   6.83801878e-07]), 8.6790208553289006e-06, 8.7007329048471862e-05]
#############################################################
