[1, array([ 2.01928793,  2.03696557]), 6.7149233573038138, 18.266614302904799]
[2, array([ 2.01928793,  2.03696557]), 6.7149233573038138, 17.881709660629056]
[3, array([ 2.01928793,  2.03696557]), 6.7149233573038138, 17.193750973777803]
[4, array([ 2.01928793,  2.03696557]), 6.7149233573038138, 15.690148269386134]
[5, array([ 2.01928793,  2.03696557]), 6.7149233573038138, 14.887239210393574]
[6, array([ 1.39979548,  0.00308606]), 5.2097403842637746, 14.002309884028261]
[7, array([ 1.39979548,  0.00308606]), 5.2097403842637746, 13.097572318470432]
[8, array([ 1.18695729,  0.36219826]), 5.0604331092218331, 12.05433010590597]
[9, array([ 0.25234515,  0.24176943]), 2.6640585748511225, 10.672766831437711]
[10, array([ 0.25234515,  0.24176943]), 2.6640585748511225, 9.8015252588962731]
[11, array([ 0.25234515,  0.24176943]), 2.6640585748511225, 9.1059111988823709]
[12, array([ 0.25234515,  0.24176943]), 2.6640585748511225, 8.4603842653603962]
[13, array([ 0.25234515,  0.24176943]), 2.6640585748511225, 8.3848713473805905]
[14, array([ 0.25234515,  0.24176943]), 2.6640585748511225, 7.7919787925495951]
[15, array([ 0.25234515,  0.24176943]), 2.6640585748511225, 6.7621515531491099]
[16, array([ 0.25234515,  0.24176943]), 2.6640585748511225, 5.8858331990763775]
[17, array([-0.12440362,  0.00308606]), 0.71631639221177368, 5.4174056624568925]
[18, array([-0.12440362,  0.00308606]), 0.71631639221177368, 5.2309850529715423]
[19, array([-0.12440362,  0.00308606]), 0.71631639221177368, 4.8881584224901182]
[20, array([-0.12440362,  0.00308606]), 0.71631639221177368, 4.4116869532484468]
[21, array([-0.12440362,  0.00308606]), 0.71631639221177368, 4.1451329586985839]
[22, array([-0.12440362,  0.00308606]), 0.71631639221177368, 3.6969508046074537]
[23, array([-0.12440362,  0.00308606]), 0.71631639221177368, 3.3124374208591378]
[24, array([-0.12440362,  0.00308606]), 0.71631639221177368, 3.1549243982610662]
[25, array([-0.12440362,  0.00308606]), 0.71631639221177368, 3.0746592443931577]
[26, array([-0.12440362,  0.00308606]), 0.71631639221177368, 3.009260003790907]
[27, array([-0.12440362,  0.00308606]), 0.71631639221177368, 2.9030902760615644]
[28, array([-0.12440362,  0.00308606]), 0.71631639221177368, 2.7619796245733239]
[29, array([-0.00222343,  0.04668749]), 0.18934024827148876, 2.4632282894937005]
[30, array([-0.00222343,  0.04668749]), 0.18934024827148876, 2.2981915685932783]
[31, array([-0.00222343,  0.04668749]), 0.18934024827148876, 2.1168553645786985]
[32, array([-0.00222343,  0.04668749]), 0.18934024827148876, 2.1068153382835955]
[33, array([ 0.02877316, -0.01704411]), 0.12413879486288382, 1.9408649481071703]
[34, array([ 0.02877316, -0.01704411]), 0.12413879486288382, 1.5480872628817643]
[35, array([ 0.02877316, -0.01704411]), 0.12413879486288382, 1.3239348228331687]
[36, array([ 0.02877316, -0.01704411]), 0.12413879486288382, 1.1991387929023973]
[37, array([ 0.02877316, -0.01704411]), 0.12413879486288382, 0.97941968426233483]
[38, array([ 0.02877316, -0.01704411]), 0.12413879486288382, 0.75838546811967755]
[39, array([ 0.02877316, -0.01704411]), 0.12413879486288382, 0.56094556455782896]
[40, array([ 0.02877316, -0.01704411]), 0.12413879486288382, 0.47903735125684488]
[41, array([ 0.02877316, -0.01704411]), 0.12413879486288382, 0.38074057702528563]
[42, array([ 0.02877316, -0.01704411]), 0.12413879486288382, 0.29670073663050278]
[43, array([-0.00267578,  0.01523067]), 0.050094060102932492, 0.22778613971424652]
[44, array([ 0.01216189, -0.00205715]), 0.038934006980465785, 0.19342576941770656]
[45, array([ 0.01216189, -0.00205715]), 0.038934006980465785, 0.16727301046500348]
[46, array([ 0.01216189, -0.00205715]), 0.038934006980465785, 0.15775168058959724]
[47, array([ 0.01216189, -0.00205715]), 0.038934006980465785, 0.12338972528466323]
[48, array([ 0.00259528,  0.00829157]), 0.026582965141749515, 0.10203337468153081]
[49, array([ 0.00259528,  0.00829157]), 0.026582965141749515, 0.086584132960101187]
[50, array([-0.00101027,  0.00597985]), 0.018132347830498663, 0.062609351386163595]
[51, array([-0.00101027,  0.00597985]), 0.018132347830498663, 0.05388152511935642]
[52, array([-0.00060704, -0.00343312]), 0.010184597820629637, 0.039789880953799629]
[53, array([-0.00060704, -0.00343312]), 0.010184597820629637, 0.035845607673384718]
[54, array([-0.00060704, -0.00343312]), 0.010184597820629637, 0.02949919252202866]
[55, array([ 0.0008631,  0.0027974]), 0.0085084852486798646, 0.023083250336932169]
[56, array([ -1.61357305e-05,  -5.26802533e-04]), 0.0014981182030671114, 0.017285266653292108]
[57, array([ -1.61357305e-05,  -5.26802533e-04]), 0.0014981182030671114, 0.011997226166023634]
[58, array([ -1.61357305e-05,  -5.26802533e-04]), 0.0014981182030671114, 0.0096977276852974192]
[59, array([ -1.61357305e-05,  -5.26802533e-04]), 0.0014981182030671114, 0.0071895388481613585]
[60, array([ -3.74432896e-04,   9.49133677e-05]), 0.0010965244679934649, 0.0059923846418242551]
[61, array([  2.62989114e-04,  -3.89586833e-05]), 0.00075384516669574353, 0.0047610516019385152]
[62, array([  2.62989114e-04,  -3.89586833e-05]), 0.00075384516669574353, 0.0036010132060424914]
[63, array([  8.62769515e-05,   7.18627848e-05]), 0.00031792631139682115, 0.0025246304370674542]
[64, array([  8.62769515e-05,   7.18627848e-05]), 0.00031792631139682115, 0.0017239805279284149]
[65, array([  1.75405152e-05,   2.26488568e-05]), 8.1047299663072891e-05, 0.0015232651035865352]
[66, array([  1.75405152e-05,   2.26488568e-05]), 8.1047299663072891e-05, 0.0012578738173155025]
[67, array([  1.75405152e-05,   2.26488568e-05]), 8.1047299663072891e-05, 0.00098791948406455892]
[68, array([  1.75405152e-05,   2.26488568e-05]), 8.1047299663072891e-05, 0.0008197174661810358]
[69, array([  1.75405152e-05,   2.26488568e-05]), 8.1047299663072891e-05, 0.00070422621031580586]
[70, array([  1.75405152e-05,   2.26488568e-05]), 8.1047299663072891e-05, 0.00059141655155636741]
[71, array([  1.75405152e-05,   2.26488568e-05]), 8.1047299663072891e-05, 0.00040057246305886808]
[72, array([  2.35427742e-05,   1.16810726e-05]), 7.4353292621953671e-05, 0.00034240764704884796]
[73, array([  2.35427742e-05,   1.16810726e-05]), 7.4353292621953671e-05, 0.00028292506044182988]
[74, array([  2.35427742e-05,   1.16810726e-05]), 7.4353292621953671e-05, 0.00021999804338053154]
[75, array([  1.75405152e-05,  -1.48880143e-05]), 6.50877544257078e-05, 0.00019430012708339107]
[76, array([  1.75405152e-05,  -1.48880143e-05]), 6.50877544257078e-05, 0.00017844386276086866]
[77, array([  1.75405152e-05,  -1.48880143e-05]), 6.50877544257078e-05, 0.00015820853726138394]
[78, array([ -7.53092376e-06,  -5.11722154e-06]), 2.5754996720639411e-05, 0.00012731647176638105]
[79, array([ -7.53092376e-06,  -5.11722154e-06]), 2.5754996720639411e-05, 0.00010116708867302648]
[80, array([ -7.53092376e-06,  -5.11722154e-06]), 2.5754996720639411e-05, 8.5232760183640008e-05]
[81, array([ -7.53092376e-06,  -5.11722154e-06]), 2.5754996720639411e-05, 7.2343794798879199e-05]
[82, array([ -1.12175048e-06,   6.96345748e-06]), 1.9950873931140478e-05, 6.1213568265028334e-05]
[83, array([ -1.12175048e-06,   6.96345748e-06]), 1.9950873931140478e-05, 5.5325904760206157e-05]
[84, array([ -1.12175048e-06,   6.96345748e-06]), 1.9950873931140478e-05, 5.0413910616864398e-05]
[85, array([  2.18785610e-06,  -3.15142820e-06]), 1.0851461546668162e-05, 4.1965217603401331e-05]
[86, array([ -2.98439880e-06,   1.68119453e-06]), 9.6886771001614136e-06, 3.4492328280943954e-05]
#############################################################
[1, array([ 2.01928793,  2.03696557]), 6.7149233573038138, 18.296366392882614]
[2, array([ 2.01928793,  2.03696557]), 6.7149233573038138, 17.169867448666899]
[3, array([ 2.01928793,  2.03696557]), 6.7149233573038138, 16.756250535037864]
[4, array([ 2.01928793,  2.03696557]), 6.7149233573038138, 16.15669271188743]
[5, array([ 2.01928793,  2.03696557]), 6.7149233573038138, 14.573919091819823]
[6, array([ 2.01928793,  2.03696557]), 6.7149233573038138, 14.289390487275829]
[7, array([ 2.01928793,  2.03696557]), 6.7149233573038138, 13.238411059145268]
[8, array([ 1.16416515,  2.05119738]), 6.3133012580381909, 12.397412560044142]
[9, array([ 0.09873582, -0.38957812]), 2.8006400848266435, 10.629619006040421]
[10, array([ 0.09873582, -0.38957812]), 2.8006400848266435, 10.313226069678979]
[11, array([ 0.09873582, -0.38957812]), 2.8006400848266435, 9.7729804075618532]
[12, array([ 0.09873582, -0.38957812]), 2.8006400848266435, 9.3299033173655594]
[13, array([ 0.09873582, -0.38957812]), 2.8006400848266435, 8.5463607178623953]
[14, array([ 0.09873582, -0.38957812]), 2.8006400848266435, 7.8674374081869045]
[15, array([ 0.09873582, -0.38957812]), 2.8006400848266435, 6.7048252820474898]
[16, array([ 0.09873582, -0.38957812]), 2.8006400848266435, 5.769597600378261]
[17, array([-0.31005767, -0.00484237]), 2.2054140201683556, 5.2796229422782641]
[18, array([-0.31005767, -0.00484237]), 2.2054140201683556, 5.1462172125542294]
[19, array([-0.31005767, -0.00484237]), 2.2054140201683556, 4.7858217380951222]
[20, array([-0.31005767, -0.00484237]), 2.2054140201683556, 4.6680138086851724]
[21, array([-0.31005767, -0.00484237]), 2.2054140201683556, 4.4734005819755893]
[22, array([-0.31005767, -0.00484237]), 2.2054140201683556, 4.1104489521235594]
[23, array([-0.31005767, -0.00484237]), 2.2054140201683556, 3.8181280946498708]
[24, array([ 0.28587821,  0.04084774]), 2.0681959083719517, 3.4305456600315383]
[25, array([ 0.28587821,  0.04084774]), 2.0681959083719517, 3.2643621168585684]
[26, array([ 0.10940145,  0.12036501]), 1.0557671686915318, 2.4807176578327939]
[27, array([-0.03632649,  0.08859144]), 0.49909987206496043, 2.289928084700624]
[28, array([-0.03632649,  0.08859144]), 0.49909987206496043, 2.2403503317444744]
[29, array([-0.03632649,  0.08859144]), 0.49909987206496043, 2.1165362313875127]
[30, array([-0.03632649,  0.08859144]), 0.49909987206496043, 1.9001967142807072]
[31, array([-0.00840027,  0.08503322]), 0.42495813316739062, 1.4181196073632205]
[32, array([-0.00580581,  0.00997308]), 0.036182610532581538, 1.1636242027788222]
[33, array([-0.00580581,  0.00997308]), 0.036182610532581538, 0.92855164096673382]
[34, array([-0.00580581,  0.00997308]), 0.036182610532581538, 0.81795168517369332]
[35, array([-0.00580581,  0.00997308]), 0.036182610532581538, 0.60664114756396859]
[36, array([-0.00580581,  0.00997308]), 0.036182610532581538, 0.5066468406253033]
[37, array([-0.00580581,  0.00997308]), 0.036182610532581538, 0.42794499043398704]
[38, array([-0.00580581,  0.00997308]), 0.036182610532581538, 0.28527402251909323]
[39, array([-0.00580581,  0.00997308]), 0.036182610532581538, 0.26610427439731527]
[40, array([-0.00580581,  0.00997308]), 0.036182610532581538, 0.21398450796932283]
[41, array([-0.00580581,  0.00997308]), 0.036182610532581538, 0.1662435211603282]
[42, array([ 0.00110119, -0.00261724]), 0.0082459036186652845, 0.13078301180990595]
[43, array([ 0.00110119, -0.00261724]), 0.0082459036186652845, 0.12541115165614986]
[44, array([ 0.00110119, -0.00261724]), 0.0082459036186652845, 0.10470924568654487]
[45, array([ 0.00110119, -0.00261724]), 0.0082459036186652845, 0.077858272859053113]
[46, array([ 0.00110119, -0.00261724]), 0.0082459036186652845, 0.067342424716425861]
[47, array([ 0.00110119, -0.00261724]), 0.0082459036186652845, 0.054732028300587654]
[48, array([ 0.00110119, -0.00261724]), 0.0082459036186652845, 0.045302467991584106]
[49, array([ 0.00191281,  0.0004734 ]), 0.0056768680002119432, 0.036490106069747251]
[50, array([ 0.00191281,  0.0004734 ]), 0.0056768680002119432, 0.026243468127288505]
[51, array([ 0.00191281,  0.0004734 ]), 0.0056768680002119432, 0.02311737234771245]
[52, array([ 0.00191281,  0.0004734 ]), 0.0056768680002119432, 0.01946789389238477]
[53, array([ 0.00155652, -0.00051761]), 0.0047112001562656936, 0.016645758296061519]
[54, array([ 0.00155652, -0.00051761]), 0.0047112001562656936, 0.014323205354046475]
[55, array([-0.00026647,  0.00140507]), 0.0040994255329889207, 0.010981824419693443]
[56, array([ -5.37729553e-05,  -1.41825021e-03]), 0.0040679369632354856, 0.0090418407221064534]
[57, array([  3.22190731e-05,  -1.06611928e-03]), 0.0030471108331906471, 0.0081742434957351225]
[58, array([  3.22190731e-05,  -1.06611928e-03]), 0.0030471108331906471, 0.0073198759376295721]
[59, array([-0.00081844,  0.0004967 ]), 0.0027322409650349933, 0.0057468633348332961]
[60, array([-0.00023077, -0.00050019]), 0.001566138241433368, 0.0048827849968463791]
[61, array([ -1.13473711e-04,   7.70560131e-05]), 0.00038845883938920522, 0.004297629081511811]
[62, array([ -1.13473711e-04,   7.70560131e-05]), 0.00038845883938920522, 0.0035453907784016359]
[63, array([ -1.13473711e-04,   7.70560131e-05]), 0.00038845883938920522, 0.0030619009304262866]
[64, array([ -1.13473711e-04,   7.70560131e-05]), 0.00038845883938920522, 0.0027588251499635953]
[65, array([ -1.13473711e-04,   7.70560131e-05]), 0.00038845883938920522, 0.0024010421501936994]
[66, array([ -1.13473711e-04,   7.70560131e-05]), 0.00038845883938920522, 0.0021377295082980474]
[67, array([ -1.13473711e-04,   7.70560131e-05]), 0.00038845883938920522, 0.0019322003311409651]
[68, array([ -1.13473711e-04,   7.70560131e-05]), 0.00038845883938920522, 0.0018664207821308843]
[69, array([  3.46421692e-05,  -4.18064065e-05]), 0.00015364556354358072, 0.0013802425200954537]
[70, array([  3.46421692e-05,  -4.18064065e-05]), 0.00015364556354358072, 0.0010807310287083815]
[71, array([  3.46421692e-05,  -4.18064065e-05]), 0.00015364556354358072, 0.001011056078552297]
[72, array([  3.46421692e-05,  -4.18064065e-05]), 0.00015364556354358072, 0.00087177587228124407]
[73, array([  3.46421692e-05,  -4.18064065e-05]), 0.00015364556354358072, 0.00070673580460427492]
[74, array([  3.46421692e-05,  -4.18064065e-05]), 0.00015364556354358072, 0.00068831435808283106]
[75, array([  3.46421692e-05,  -4.18064065e-05]), 0.00015364556354358072, 0.00052246041065133757]
[76, array([  3.37756461e-05,  -3.86590046e-05]), 0.00014526832571037929, 0.00039638637268160084]
[77, array([  3.88530386e-05,  -1.15604037e-05]), 0.00011469807233099871, 0.00035947290794302589]
[78, array([ -1.17444363e-05,  -2.64290127e-05]), 8.1823225937416311e-05, 0.00031594908004963786]
[79, array([ -1.17444363e-05,  -2.64290127e-05]), 8.1823225937416311e-05, 0.0002953288332588677]
[80, array([ -1.17444363e-05,  -2.64290127e-05]), 8.1823225937416311e-05, 0.00025622968610674592]
[81, array([ -1.17444363e-05,  -2.64290127e-05]), 8.1823225937416311e-05, 0.00020880085511576496]
[82, array([  9.34638199e-06,   6.23804710e-06]), 3.1786135988642883e-05, 0.00014430600206774002]
[83, array([ -4.57153627e-07,   6.23804710e-06]), 1.7692219458798064e-05, 0.00013198920098167477]
[84, array([ -4.57153627e-07,   6.23804710e-06]), 1.7692219458798064e-05, 0.00012149567026638053]
[85, array([ -4.57153627e-07,   6.23804710e-06]), 1.7692219458798064e-05, 0.00010783723011167367]
[86, array([ -4.57153627e-07,   6.23804710e-06]), 1.7692219458798064e-05, 9.0966068433839808e-05]
[87, array([ -4.57153627e-07,   6.23804710e-06]), 1.7692219458798064e-05, 7.8644634462055052e-05]
[88, array([ -4.57153627e-07,   6.23804710e-06]), 1.7692219458798064e-05, 6.5578002765054327e-05]
[89, array([ -4.57153627e-07,   6.23804710e-06]), 1.7692219458798064e-05, 5.9152467071488249e-05]
[90, array([ -4.57153627e-07,   6.23804710e-06]), 1.7692219458798064e-05, 4.7106895572301966e-05]
[91, array([ -4.57153627e-07,   6.23804710e-06]), 1.7692219458798064e-05, 4.1151947119377751e-05]
[92, array([  1.20259248e-06,  -9.08317176e-07]), 4.2627063909783658e-06, 2.9728204852030871e-05]
#############################################################
[1, array([-1.22035831, -0.51010463]), 5.4642832265397416, 17.737362469345676]
[2, array([-1.22035831, -0.51010463]), 5.4642832265397416, 16.470311884400427]
[3, array([-1.22035831, -0.51010463]), 5.4642832265397416, 15.868282895620448]
[4, array([-1.22035831, -0.51010463]), 5.4642832265397416, 15.218716463900247]
[5, array([-1.22035831, -0.51010463]), 5.4642832265397416, 13.984198956022023]
[6, array([-1.22035831, -0.51010463]), 5.4642832265397416, 13.418094040166974]
[7, array([-1.22035831, -0.51010463]), 5.4642832265397416, 12.466787529640893]
[8, array([-2.00803187, -0.09535792]), 5.1774740177929139, 11.03935272688005]
[9, array([ 0.14261844,  0.39538232]), 2.9525690245825946, 9.0623044157369854]
[10, array([ 0.14261844,  0.39538232]), 2.9525690245825946, 7.8304555856704638]
[11, array([ 0.11388958, -0.93778641]), 2.9039125209659962, 6.9815452067854213]
[12, array([ 0.11388958, -0.93778641]), 2.9039125209659962, 6.3503494963498506]
[13, array([ 0.11388958, -0.93778641]), 2.9039125209659962, 5.7258157809736199]
[14, array([ 0.11388958, -0.93778641]), 2.9039125209659962, 5.6331650437927099]
[15, array([-0.05695012,  0.09020643]), 0.5822671990207593, 5.1432505646659958]
[16, array([-0.05695012,  0.09020643]), 0.5822671990207593, 4.4989068752593431]
[17, array([-0.05695012,  0.09020643]), 0.5822671990207593, 3.8120830967347183]
[18, array([-0.05695012,  0.09020643]), 0.5822671990207593, 3.4006892516333869]
[19, array([-0.05695012,  0.09020643]), 0.5822671990207593, 2.7837553991402522]
[20, array([-0.05695012,  0.09020643]), 0.5822671990207593, 2.6152869655544793]
[21, array([-0.05695012,  0.09020643]), 0.5822671990207593, 2.4241270418792875]
[22, array([-0.01656575, -0.02865222]), 0.12255555509546712, 2.0903202200112081]
[23, array([-0.01656575, -0.02865222]), 0.12255555509546712, 1.996681644447333]
[24, array([-0.01656575, -0.02865222]), 0.12255555509546712, 1.6690986793601947]
[25, array([-0.01656575, -0.02865222]), 0.12255555509546712, 1.4989224287166671]
[26, array([-0.01656575, -0.02865222]), 0.12255555509546712, 1.287903948373964]
[27, array([-0.00377688,  0.01158464]), 0.038412715164945599, 0.816400022715842]
[28, array([-0.00377688,  0.01158464]), 0.038412715164945599, 0.75249550831290279]
[29, array([ 0.00032635, -0.00339951]), 0.0099700217285598747, 0.5400044292767312]
[30, array([ 0.00032635, -0.00339951]), 0.0099700217285598747, 0.43800345782281924]
[31, array([ 0.00032635, -0.00339951]), 0.0099700217285598747, 0.31113904891256861]
[32, array([ 0.00032635, -0.00339951]), 0.0099700217285598747, 0.27929396033832016]
[33, array([ 0.00032635, -0.00339951]), 0.0099700217285598747, 0.23665792297790106]
[34, array([ 0.00032635, -0.00339951]), 0.0099700217285598747, 0.1804631279441021]
[35, array([ 0.00032635, -0.00339951]), 0.0099700217285598747, 0.1149642106441168]
[36, array([ 0.00032635, -0.00339951]), 0.0099700217285598747, 0.086895190938421768]
[37, array([ 0.00032635, -0.00339951]), 0.0099700217285598747, 0.072102433352854073]
[38, array([ 0.00032635, -0.00339951]), 0.0099700217285598747, 0.063248261419043578]
[39, array([ 0.00032635, -0.00339951]), 0.0099700217285598747, 0.04719131626989901]
[40, array([ 0.00032635, -0.00339951]), 0.0099700217285598747, 0.037077638231288915]
[41, array([ 0.00032635, -0.00339951]), 0.0099700217285598747, 0.028008789806901736]
[42, array([ 0.00029561,  0.00012129]), 0.00090646943353478449, 0.023787289331546814]
[43, array([ 0.00029561,  0.00012129]), 0.00090646943353478449, 0.020277396002660007]
[44, array([ 0.00029561,  0.00012129]), 0.00090646943353478449, 0.018218671767829431]
[45, array([ 0.00029561,  0.00012129]), 0.00090646943353478449, 0.01506216015665034]
[46, array([ 0.00029561,  0.00012129]), 0.00090646943353478449, 0.012396986361287343]
[47, array([ 0.00029561,  0.00012129]), 0.00090646943353478449, 0.011918971451140958]
[48, array([ 0.00029561,  0.00012129]), 0.00090646943353478449, 0.010591295500710186]
[49, array([ 0.00029561,  0.00012129]), 0.00090646943353478449, 0.0088842415933084069]
[50, array([ 0.00029561,  0.00012129]), 0.00090646943353478449, 0.0072785145093411611]
[51, array([ 0.00029561,  0.00012129]), 0.00090646943353478449, 0.0056065660360334665]
[52, array([ 0.00029561,  0.00012129]), 0.00090646943353478449, 0.0047311418973589705]
[53, array([ 0.00029561,  0.00012129]), 0.00090646943353478449, 0.0037686424150106925]
[54, array([ 0.00029561,  0.00012129]), 0.00090646943353478449, 0.0036498774349861484]
[55, array([ -3.91147642e-05,   3.15832292e-04]), 0.00090283024852810811, 0.0033971495412699502]
[56, array([ -3.91147642e-05,   3.15832292e-04]), 0.00090283024852810811, 0.0030687776332738005]
[57, array([ -1.07599707e-04,   1.17930496e-05]), 0.000306472387887613, 0.0022888961693408481]
[58, array([ -1.07599707e-04,   1.17930496e-05]), 0.000306472387887613, 0.0018412979395303175]
[59, array([ -1.28471138e-05,   8.60212430e-05]), 0.00024620472966363494, 0.0015107585109512378]
[60, array([ -1.28471138e-05,   8.60212430e-05]), 0.00024620472966363494, 0.0013108881349713109]
[61, array([ -1.28471138e-05,   8.60212430e-05]), 0.00024620472966363494, 0.0011272037871042251]
[62, array([ -1.28471138e-05,   8.60212430e-05]), 0.00024620472966363494, 0.0010459191427938386]
[63, array([  2.37036578e-05,  -7.53553814e-06]), 7.0366895347451219e-05, 0.00095675087286233311]
[64, array([ -1.95604377e-05,  -9.53113944e-07]), 5.5401125017784381e-05, 0.00077613363406969782]
[65, array([ -1.95604377e-05,  -9.53113944e-07]), 5.5401125017784381e-05, 0.00069110606174218605]
[66, array([ -1.95604377e-05,  -9.53113944e-07]), 5.5401125017784381e-05, 0.00051075369695476882]
[67, array([ -1.95604377e-05,  -9.53113944e-07]), 5.5401125017784381e-05, 0.00041670628979391112]
[68, array([ -1.95604377e-05,  -9.53113944e-07]), 5.5401125017784381e-05, 0.00033541275861184163]
[69, array([ -1.95604377e-05,  -9.53113944e-07]), 5.5401125017784381e-05, 0.0002984994257185569]
[70, array([ -1.95604377e-05,  -9.53113944e-07]), 5.5401125017784381e-05, 0.00027671478636230872]
[71, array([ -1.95604377e-05,  -9.53113944e-07]), 5.5401125017784381e-05, 0.00024693789573033699]
[72, array([ -1.95604377e-05,  -9.53113944e-07]), 5.5401125017784381e-05, 0.00019080239194559922]
[73, array([ -1.95604377e-05,  -9.53113944e-07]), 5.5401125017784381e-05, 0.00015812126998708819]
[74, array([  5.76745749e-06,  -9.17232029e-07]), 1.6518748332305933e-05, 0.00014166816058081011]
[75, array([  5.76745749e-06,  -9.17232029e-07]), 1.6518748332305933e-05, 0.00012633379282851466]
[76, array([ -5.65187622e-06,  -9.17232029e-07]), 1.6195938780771968e-05, 0.00010468215762982069]
[77, array([ -5.65187622e-06,  -9.17232029e-07]), 1.6195938780771968e-05, 9.3185805476547762e-05]
[78, array([ -5.65187622e-06,  -9.17232029e-07]), 1.6195938780771968e-05, 7.7937784161452578e-05]
[79, array([  1.25446103e-07,  -1.53075105e-06]), 4.3441949597600171e-06, 6.0000533425164095e-05]
#############################################################
[1, array([ 2.01928793,  2.03696557]), 6.7149233573038138, 18.088589611079541]
[2, array([ 2.01928793,  2.03696557]), 6.7149233573038138, 17.454187622603008]
[3, array([ 2.01928793,  2.03696557]), 6.7149233573038138, 15.760109538276202]
[4, array([ 2.01928793,  2.03696557]), 6.7149233573038138, 15.167898927041771]
[5, array([ 2.01928793,  2.03696557]), 6.7149233573038138, 14.62403156873323]
[6, array([ 2.01928793,  2.03696557]), 6.7149233573038138, 14.506563831065591]
[7, array([ 2.01928793,  2.03696557]), 6.7149233573038138, 13.678487936773584]
[8, array([ 2.01928793,  2.03696557]), 6.7149233573038138, 12.88615198511865]
[9, array([ 2.01928793,  2.03696557]), 6.7149233573038138, 12.799438025224834]
[10, array([ 0.79115326,  0.30265325]), 4.0101800139466057, 11.603240451587649]
[11, array([ 0.79115326,  0.30265325]), 4.0101800139466057, 10.347653075191005]
[12, array([ 0.79115326,  0.30265325]), 4.0101800139466057, 8.7520080691860471]
[13, array([-0.06009149, -0.01842062]), 0.27981234364838103, 7.9707831891636971]
[14, array([-0.06009149, -0.01842062]), 0.27981234364838103, 7.4138793041087609]
[15, array([-0.06009149, -0.01842062]), 0.27981234364838103, 7.2675162400355031]
[16, array([-0.06009149, -0.01842062]), 0.27981234364838103, 6.4459640934530098]
[17, array([-0.06009149, -0.01842062]), 0.27981234364838103, 6.1898989771302091]
[18, array([-0.06009149, -0.01842062]), 0.27981234364838103, 5.5834078265557334]
[19, array([-0.06009149, -0.01842062]), 0.27981234364838103, 5.0913214278270891]
[20, array([-0.06009149, -0.01842062]), 0.27981234364838103, 4.5931664691965235]
[21, array([-0.06009149, -0.01842062]), 0.27981234364838103, 3.8293377809380464]
[22, array([-0.06009149, -0.01842062]), 0.27981234364838103, 3.515156438833523]
[23, array([-0.06009149, -0.01842062]), 0.27981234364838103, 3.3849259511638081]
[24, array([ 0.04467162,  0.01323168]), 0.18861267949757421, 2.7388314782210017]
[25, array([ 0.04467162,  0.01323168]), 0.18861267949757421, 2.7085806111024326]
[26, array([ 0.04467162,  0.01323168]), 0.18861267949757421, 2.5409866349020156]
[27, array([ 0.00992441, -0.04091112]), 0.16560537051799473, 2.2425156933706445]
[28, array([ 0.00992441, -0.04091112]), 0.16560537051799473, 2.1090604162307218]
[29, array([ 0.00992441, -0.04091112]), 0.16560537051799473, 1.9753623736656809]
[30, array([ 0.00992441, -0.04091112]), 0.16560537051799473, 1.710861675776675]
[31, array([ 0.00992441, -0.04091112]), 0.16560537051799473, 1.3168773810917649]
[32, array([-0.00844507, -0.0083343 ]), 0.037304724940395051, 1.1249689695223728]
[33, array([-0.00844507, -0.0083343 ]), 0.037304724940395051, 0.841794809313407]
[34, array([-0.00844507, -0.0083343 ]), 0.037304724940395051, 0.62245772849722092]
[35, array([-0.00844507, -0.0083343 ]), 0.037304724940395051, 0.42563281321676438]
[36, array([-0.00844507, -0.0083343 ]), 0.037304724940395051, 0.32640364856235654]
[37, array([-0.00844507, -0.0083343 ]), 0.037304724940395051, 0.25274637295241942]
[38, array([-0.00780271, -0.00287599]), 0.025361307394458965, 0.16577562586379893]
[39, array([ 0.00537441,  0.00057913]), 0.016067018710554937, 0.11818213884238889]
[40, array([ 0.00537441,  0.00057913]), 0.016067018710554937, 0.10172254199899777]
[41, array([ 0.00537441,  0.00057913]), 0.016067018710554937, 0.083704634679178103]
[42, array([ 0.00537441,  0.00057913]), 0.016067018710554937, 0.076679906339129203]
[43, array([ 0.00537441,  0.00057913]), 0.016067018710554937, 0.064635640757150531]
[44, array([ 0.00249919, -0.001949  ]), 0.0092316251463953058, 0.051628143228210188]
[45, array([ 0.00249919, -0.001949  ]), 0.0092316251463953058, 0.042189051473420405]
[46, array([-0.00141114, -0.00247613]), 0.0082773200569126182, 0.028687711507873016]
[47, array([-0.00141114, -0.00247613]), 0.0082773200569126182, 0.024833729034844244]
[48, array([  4.36266231e-05,  -2.80025464e-03]), 0.0081301190198961315, 0.017927151074537396]
[49, array([-0.00216251,  0.00057085]), 0.0064592191715857616, 0.016052667918494821]
[50, array([ 0.00064114, -0.00069797]), 0.0027045370898552967, 0.014773370840728273]
[51, array([-0.00065067,  0.00063882]), 0.0026012165718012348, 0.01244879159449459]
[52, array([-0.00065067,  0.00063882]), 0.0026012165718012348, 0.010651114546090046]
[53, array([-0.00065067,  0.00063882]), 0.0026012165718012348, 0.0093461559026404295]
[54, array([ -6.27742959e-04,   4.53231363e-05]), 0.001790694854669983, 0.0072250810572945133]
[55, array([ -6.27742959e-04,   4.53231363e-05]), 0.001790694854669983, 0.006097729070571223]
[56, array([  1.03280519e-04,   5.71853178e-05]), 0.00033428160123749606, 0.0049056427127097454]
[57, array([  1.03280519e-04,   5.71853178e-05]), 0.00033428160123749606, 0.0038434822577387171]
[58, array([  1.03280519e-04,   5.71853178e-05]), 0.00033428160123749606, 0.0032940789454817044]
[59, array([  1.03280519e-04,   5.71853178e-05]), 0.00033428160123749606, 0.002501721651163624]
[60, array([  1.03280519e-04,   5.71853178e-05]), 0.00033428160123749606, 0.0021385559006847467]
[61, array([  1.03280519e-04,   5.71853178e-05]), 0.00033428160123749606, 0.0017319422567269704]
[62, array([  1.24909294e-05,  -6.35355906e-05]), 0.00018325737270830089, 0.0014155229540663504]
[63, array([  1.24909294e-05,  -6.35355906e-05]), 0.00018325737270830089, 0.0012331970347676524]
[64, array([  1.24909294e-05,  -6.35355906e-05]), 0.00018325737270830089, 0.00093451103110533398]
[65, array([  1.24909294e-05,  -6.35355906e-05]), 0.00018325737270830089, 0.00073811356528947765]
[66, array([ -4.75759754e-05,  -2.57207141e-05]), 0.00015304922120096265, 0.00055365172999328745]
[67, array([ -4.75759754e-05,  -2.57207141e-05]), 0.00015304922120096265, 0.00046204153668361059]
[68, array([ -4.75759754e-05,  -2.57207141e-05]), 0.00015304922120096265, 0.00040963153575761523]
[69, array([ -1.55724051e-05,   3.65242591e-05]), 0.00011234590008557532, 0.00032166797772772429]
[70, array([ -7.54197102e-06,   1.57512128e-05]), 4.940302224598625e-05, 0.00024514878693020491]
[71, array([ -7.54197102e-06,   1.57512128e-05]), 4.940302224598625e-05, 0.00022829556078578505]
[72, array([ -9.95182543e-06,  -3.52838822e-06]), 2.9867777858516575e-05, 0.00018735941941878665]
[73, array([ -9.95182543e-06,  -3.52838822e-06]), 2.9867777858516575e-05, 0.00018542805033527898]
[74, array([ -9.95182543e-06,  -3.52838822e-06]), 2.9867777858516575e-05, 0.00013380764758990081]
[75, array([ -9.95182543e-06,  -3.52838822e-06]), 2.9867777858516575e-05, 9.92257634957916e-05]
[76, array([ -9.95182543e-06,  -3.52838822e-06]), 2.9867777858516575e-05, 9.2537801139958015e-05]
[77, array([  6.23946867e-06,  -1.72357478e-06]), 1.8309950661876684e-05, 7.9932851015573908e-05]
[78, array([  6.23946867e-06,  -1.72357478e-06]), 1.8309950661876684e-05, 7.2772217067740288e-05]
[79, array([ -1.01520277e-06,   2.32504432e-06]), 7.1759460458231672e-06, 6.2269196170827707e-05]
#############################################################
[1, array([ 2.01928793,  2.03696557]), 6.7149233573038138, 17.545377870130178]
[2, array([ 2.01928793,  2.03696557]), 6.7149233573038138, 17.020834333009638]
[3, array([ 2.01928793,  2.03696557]), 6.7149233573038138, 16.505562118990717]
[4, array([ 2.01928793,  2.03696557]), 6.7149233573038138, 15.295712193211759]
[5, array([ 2.01928793,  2.03696557]), 6.7149233573038138, 14.149915017325046]
[6, array([ 2.01928793,  2.03696557]), 6.7149233573038138, 13.329696923125701]
[7, array([-1.97968185, -0.58885831]), 6.7097881724582251, 12.186569144857817]
[8, array([-1.97968185, -0.58885831]), 6.7097881724582251, 11.972356062431952]
[9, array([-1.97968185, -0.58885831]), 6.7097881724582251, 11.539838794066544]
[10, array([-0.4083395 , -1.04264066]), 4.5825438497765241, 10.451979972409553]
[11, array([ 0.82864828, -0.78009902]), 4.2989954401828854, 9.255353834083575]
[12, array([-0.9719108 , -0.78796044]), 4.1206819963752892, 8.86389285170835]
[13, array([-0.05393036, -0.50871163]), 3.1414024947397157, 8.1118988592736514]
[14, array([-0.05393036, -0.50871163]), 3.1414024947397157, 6.8628063507474861]
[15, array([ 0.02217822, -0.16073862]), 1.0313614535177646, 5.7510593448700043]
[16, array([ 0.02217822, -0.16073862]), 1.0313614535177646, 5.5108305496564247]
[17, array([ 0.02217822, -0.16073862]), 1.0313614535177646, 5.119262999507912]
[18, array([ 0.02217822, -0.16073862]), 1.0313614535177646, 4.7192785863436484]
[19, array([ 0.02217822, -0.16073862]), 1.0313614535177646, 4.6286963073213387]
[20, array([ 0.02217822, -0.16073862]), 1.0313614535177646, 4.36929114912766]
[21, array([ 0.02217822, -0.16073862]), 1.0313614535177646, 3.900871694037126]
[22, array([ 0.02217822, -0.16073862]), 1.0313614535177646, 3.5793369026162027]
[23, array([ 0.00160941,  0.0244691 ]), 0.085291911006404764, 3.2136596741035901]
[24, array([ 0.00160941,  0.0244691 ]), 0.085291911006404764, 3.0519887295810806]
[25, array([ 0.00160941,  0.0244691 ]), 0.085291911006404764, 2.6230762269336672]
[26, array([ 0.00160941,  0.0244691 ]), 0.085291911006404764, 2.3712893500194747]
[27, array([ 0.00160941,  0.0244691 ]), 0.085291911006404764, 2.1192137497523764]
[28, array([ 0.00160941,  0.0244691 ]), 0.085291911006404764, 1.9269751578319627]
[29, array([ 0.00160941,  0.0244691 ]), 0.085291911006404764, 1.6040992528885254]
[30, array([ 0.00160941,  0.0244691 ]), 0.085291911006404764, 1.2905874614001567]
[31, array([ 0.00160941,  0.0244691 ]), 0.085291911006404764, 1.1230652483497661]
[32, array([ 0.00160941,  0.0244691 ]), 0.085291911006404764, 0.92463094181792604]
[33, array([ 0.00160941,  0.0244691 ]), 0.085291911006404764, 0.728888760105874]
[34, array([ 0.00160991, -0.01854509]), 0.061851556850822664, 0.59417440058970961]
[35, array([ 0.00160991, -0.01854509]), 0.061851556850822664, 0.51127067404618765]
[36, array([-0.00258641,  0.0114056 ]), 0.036717173312450502, 0.37677712675865216]
[37, array([-0.00463298, -0.00064909]), 0.013814706152484479, 0.36773259602645914]
[38, array([-0.00463298, -0.00064909]), 0.013814706152484479, 0.30945730180473197]
[39, array([-0.00463298, -0.00064909]), 0.013814706152484479, 0.24682382727746549]
[40, array([-0.00463298, -0.00064909]), 0.013814706152484479, 0.18367476844155445]
[41, array([-0.00463298, -0.00064909]), 0.013814706152484479, 0.13874492326093391]
[42, array([-0.00463298, -0.00064909]), 0.013814706152484479, 0.10296721461761278]
[43, array([-0.00463298, -0.00064909]), 0.013814706152484479, 0.074144102348842097]
[44, array([-0.00463298, -0.00064909]), 0.013814706152484479, 0.061637893180544356]
[45, array([-0.00463298, -0.00064909]), 0.013814706152484479, 0.054630320423867486]
[46, array([-0.00463298, -0.00064909]), 0.013814706152484479, 0.039831817985609863]
[47, array([-0.00146554,  0.00138786]), 0.0058173971040074157, 0.037360314871500669]
[48, array([-0.00146554,  0.00138786]), 0.0058173971040074157, 0.029966768390340182]
[49, array([-0.00146554,  0.00138786]), 0.0058173971040074157, 0.025103413000253649]
[50, array([-0.00146554,  0.00138786]), 0.0058173971040074157, 0.023414462059585351]
[51, array([-0.00146554,  0.00138786]), 0.0058173971040074157, 0.020375434069198041]
[52, array([-0.00146554,  0.00138786]), 0.0058173971040074157, 0.016327295647938823]
[53, array([-0.00146554,  0.00138786]), 0.0058173971040074157, 0.014543907703877057]
[54, array([-0.00146554,  0.00138786]), 0.0058173971040074157, 0.012733613429869183]
[55, array([-0.00146554,  0.00138786]), 0.0058173971040074157, 0.011262395038974925]
[56, array([ 0.00120752,  0.00061474]), 0.0038814023055029345, 0.0096691832166981399]
[57, array([ 0.00120752,  0.00061474]), 0.0038814023055029345, 0.0082496748307360861]
[58, array([ 0.00120752,  0.00061474]), 0.0038814023055029345, 0.0069018460738909052]
[59, array([-0.00091111, -0.00036232]), 0.0027988936974137069, 0.005756595887168192]
[60, array([-0.00063046,  0.00060021]), 0.0024822720382293717, 0.0052858277386421014]
[61, array([-0.00021943, -0.00065343]), 0.0019622627964257511, 0.0043775752428207859]
[62, array([-0.00020711, -0.00015707]), 0.00073700425955225413, 0.0036002091285797454]
[63, array([-0.00020711, -0.00015707]), 0.00073700425955225413, 0.003104420310153433]
[64, array([-0.00020711, -0.00015707]), 0.00073700425955225413, 0.002782313747969045]
[65, array([ -3.44789143e-05,  -7.05273376e-05]), 0.0002222073629600807, 0.0020586345010451092]
[66, array([ -3.44789143e-05,  -7.05273376e-05]), 0.0002222073629600807, 0.0015589700892980397]
[67, array([ -3.44789143e-05,  -7.05273376e-05]), 0.0002222073629600807, 0.0012893454579676166]
[68, array([ -3.44789143e-05,  -7.05273376e-05]), 0.0002222073629600807, 0.001124716072342924]
[69, array([ -3.44789143e-05,  -7.05273376e-05]), 0.0002222073629600807, 0.0008852242717957814]
[70, array([ -3.44789143e-05,  -7.05273376e-05]), 0.0002222073629600807, 0.0007352522587898314]
[71, array([ -3.44789143e-05,  -7.05273376e-05]), 0.0002222073629600807, 0.00069232945473745038]
[72, array([ -3.44789143e-05,  -7.05273376e-05]), 0.0002222073629600807, 0.00060198259319017562]
[73, array([ -9.27244684e-06,   2.74964186e-05]), 8.2097085709609274e-05, 0.00046454251799579185]
[74, array([ -9.27244684e-06,   2.74964186e-05]), 8.2097085709609274e-05, 0.000462271550995208]
[75, array([ -9.27244684e-06,   2.74964186e-05]), 8.2097085709609274e-05, 0.00040824116982571821]
[76, array([ -9.27244684e-06,   2.74964186e-05]), 8.2097085709609274e-05, 0.00033209126450133296]
[77, array([  2.63007870e-05,   4.34038049e-06]), 7.5414958268016363e-05, 0.00029460361437196882]
[78, array([  2.63007870e-05,   4.34038049e-06]), 7.5414958268016363e-05, 0.0002873454191365532]
[79, array([  6.20975700e-06,   4.79802715e-06]), 2.2197521709177437e-05, 0.00027258458288548226]
[80, array([  6.20975700e-06,   4.79802715e-06]), 2.2197521709177437e-05, 0.00023383914368837466]
[81, array([  6.20975700e-06,   4.79802715e-06]), 2.2197521709177437e-05, 0.00019263703221374939]
[82, array([  6.20975700e-06,   4.79802715e-06]), 2.2197521709177437e-05, 0.00015980619262352392]
[83, array([  1.16237778e-06,  -2.36290822e-06]), 7.4483830130311901e-06, 0.00013778282034104805]
#############################################################
[1, array([ 2.01928793,  2.03696557]), 6.7149233573038138, 18.152193734198669]
[2, array([ 0.13495276, -0.93765094]), 3.0161906856270737, 16.873869290725164]
[3, array([ 0.13495276, -0.93765094]), 3.0161906856270737, 15.904418900280486]
[4, array([ 0.13495276, -0.93765094]), 3.0161906856270737, 14.936892187630601]
[5, array([ 0.13495276, -0.93765094]), 3.0161906856270737, 13.77432910554308]
[6, array([ 0.13495276, -0.93765094]), 3.0161906856270737, 13.004010198562705]
[7, array([ 0.13495276, -0.93765094]), 3.0161906856270737, 11.947975369273049]
[8, array([ 0.13495276, -0.93765094]), 3.0161906856270737, 11.656686182689828]
[9, array([ 0.13495276, -0.93765094]), 3.0161906856270737, 10.282785884783724]
[10, array([ 0.13495276, -0.93765094]), 3.0161906856270737, 8.3304898807719585]
[11, array([-0.30420238,  0.06748384]), 2.2457677931681741, 7.1364775883797389]
[12, array([-0.30420238,  0.06748384]), 2.2457677931681741, 6.7639679457368684]
[13, array([-0.30420238,  0.06748384]), 2.2457677931681741, 5.8340723312774401]
[14, array([-0.30420238,  0.06748384]), 2.2457677931681741, 5.3261084641602476]
[15, array([-0.30420238,  0.06748384]), 2.2457677931681741, 4.5864778614393078]
[16, array([ 0.16674684,  0.17157615]), 1.7573757336283546, 4.1275092506526407]
[17, array([ 0.16674684,  0.17157615]), 1.7573757336283546, 3.7723211636490617]
[18, array([ 0.16674684,  0.17157615]), 1.7573757336283546, 3.701005041655177]
[19, array([-0.02138569, -0.06886011]), 0.33697859560524224, 3.2659864876831888]
[20, array([-0.02138569, -0.06886011]), 0.33697859560524224, 3.1348659898922082]
[21, array([-0.02138569, -0.06886011]), 0.33697859560524224, 2.9753940270075718]
[22, array([-0.02138569, -0.06886011]), 0.33697859560524224, 2.8269699558337953]
[23, array([-0.02138569, -0.06886011]), 0.33697859560524224, 2.4960631656501988]
[24, array([-0.02138569, -0.06886011]), 0.33697859560524224, 2.3953253810880755]
[25, array([-0.01577265,  0.00498948]), 0.05406276689952394, 2.0859197944324914]
[26, array([-0.01577265,  0.00498948]), 0.05406276689952394, 1.8775799774563335]
[27, array([-0.01577265,  0.00498948]), 0.05406276689952394, 1.6041264104239494]
[28, array([-0.01577265,  0.00498948]), 0.05406276689952394, 1.2022913675211657]
[29, array([-0.01577265,  0.00498948]), 0.05406276689952394, 0.70465378472971685]
[30, array([-0.01577265,  0.00498948]), 0.05406276689952394, 0.55530403555845864]
[31, array([-0.01577265,  0.00498948]), 0.05406276689952394, 0.46045983755008296]
[32, array([  4.43951472e-03,  -2.28083534e-05]), 0.013081764767818971, 0.35807262484573615]
[33, array([  4.43951472e-03,  -2.28083534e-05]), 0.013081764767818971, 0.27603256014882327]
[34, array([  4.43951472e-03,  -2.28083534e-05]), 0.013081764767818971, 0.25934965877056965]
[35, array([  4.43951472e-03,  -2.28083534e-05]), 0.013081764767818971, 0.21245834433777189]
[36, array([  4.43951472e-03,  -2.28083534e-05]), 0.013081764767818971, 0.1537980294843046]
[37, array([  4.43951472e-03,  -2.28083534e-05]), 0.013081764767818971, 0.1251310007902636]
[38, array([  4.43951472e-03,  -2.28083534e-05]), 0.013081764767818971, 0.098338024623168693]
[39, array([  4.43951472e-03,  -2.28083534e-05]), 0.013081764767818971, 0.085878493515922555]
[40, array([  4.43951472e-03,  -2.28083534e-05]), 0.013081764767818971, 0.074560379528055082]
[41, array([ 0.00129481,  0.00050469]), 0.0039820825005532079, 0.061950762824185636]
[42, array([ 0.00129481,  0.00050469]), 0.0039820825005532079, 0.059406594278180423]
[43, array([ 0.00129481,  0.00050469]), 0.0039820825005532079, 0.046852759950736546]
[44, array([ 0.00129481,  0.00050469]), 0.0039820825005532079, 0.038346815435999118]
[45, array([ 0.00129481,  0.00050469]), 0.0039820825005532079, 0.038078356660504388]
[46, array([ 0.00129481,  0.00050469]), 0.0039820825005532079, 0.03169390787447908]
[47, array([ 0.00129481,  0.00050469]), 0.0039820825005532079, 0.023390321390020487]
[48, array([  4.61015058e-04,  -2.28083534e-05]), 0.0013112156544790032, 0.019588699482140638]
[49, array([  4.61015058e-04,  -2.28083534e-05]), 0.0013112156544790032, 0.017337512842978332]
[50, array([  4.61015058e-04,  -2.28083534e-05]), 0.0013112156544790032, 0.012064729937669317]
[51, array([  4.61015058e-04,  -2.28083534e-05]), 0.0013112156544790032, 0.010661054057025244]
[52, array([  4.61015058e-04,  -2.28083534e-05]), 0.0013112156544790032, 0.0078992343993587785]
[53, array([  4.61015058e-04,  -2.28083534e-05]), 0.0013112156544790032, 0.0066264635324556845]
[54, array([  1.71573854e-04,  -4.99311196e-05]), 0.00050626655815166899, 0.0049639271844800882]
[55, array([  1.71573854e-04,  -4.99311196e-05]), 0.00050626655815166899, 0.0047587913964311388]
[56, array([  1.71573854e-04,  -4.99311196e-05]), 0.00050626655815166899, 0.004702851255135432]
[57, array([  1.71573854e-04,  -4.99311196e-05]), 0.00050626655815166899, 0.0041065858530749287]
[58, array([  1.71573854e-04,  -4.99311196e-05]), 0.00050626655815166899, 0.0037323096036570467]
[59, array([  1.71573854e-04,  -4.99311196e-05]), 0.00050626655815166899, 0.002974746777482462]
[60, array([  1.71573854e-04,  -4.99311196e-05]), 0.00050626655815166899, 0.0025620590354392013]
[61, array([  1.71573854e-04,  -4.99311196e-05]), 0.00050626655815166899, 0.0022808658988226148]
[62, array([  1.71573854e-04,  -4.99311196e-05]), 0.00050626655815166899, 0.0021341730373680258]
[63, array([  1.71573854e-04,  -4.99311196e-05]), 0.00050626655815166899, 0.001981412488879908]
[64, array([  1.71573854e-04,  -4.99311196e-05]), 0.00050626655815166899, 0.0016599781422773851]
[65, array([  1.75075342e-04,   2.94441556e-05]), 0.0005029813613544043, 0.0013476409708665037]
[66, array([  1.60706283e-04,  -9.27000349e-06]), 0.00045599159647879972, 0.0011547452134307967]
[67, array([ -4.70834922e-05,  -1.40124504e-05]), 0.00013900896828689113, 0.00098010011855018684]
[68, array([ -4.70834922e-05,  -1.40124504e-05]), 0.00013900896828689113, 0.00072816172203227225]
[69, array([ -4.70834922e-05,  -1.40124504e-05]), 0.00013900896828689113, 0.00068424525991686027]
[70, array([ -4.70834922e-05,  -1.40124504e-05]), 0.00013900896828689113, 0.00064936377619977397]
[71, array([ -4.70834922e-05,  -1.40124504e-05]), 0.00013900896828689113, 0.00052029478422381818]
[72, array([ -4.70834922e-05,  -1.40124504e-05]), 0.00013900896828689113, 0.00047465152494678974]
[73, array([ -4.70834922e-05,  -1.40124504e-05]), 0.00013900896828689113, 0.00042357544837363649]
[74, array([ -4.70834922e-05,  -1.40124504e-05]), 0.00013900896828689113, 0.00038364406552835459]
[75, array([  3.22340344e-05,  -1.92208297e-06]), 9.1361325161631868e-05, 0.00028582553785936324]
[76, array([  3.22340344e-05,  -1.92208297e-06]), 9.1361325161631868e-05, 0.00022703345306220867]
[77, array([  1.19239862e-05,  -2.40329399e-05]), 7.5901372085684926e-05, 0.00019094325294668479]
[78, array([ -4.16485842e-06,   2.36623510e-05]), 6.7971410001366195e-05, 0.0001606043724932782]
[79, array([  1.87354113e-06,  -8.08293739e-06]), 2.3469944882226201e-05, 0.00013787965622649167]
[80, array([  1.87354113e-06,  -8.08293739e-06]), 2.3469944882226201e-05, 0.00012151422141934987]
[81, array([  1.87354113e-06,  -8.08293739e-06]), 2.3469944882226201e-05, 0.00010224787146286828]
[82, array([  1.87354113e-06,  -8.08293739e-06]), 2.3469944882226201e-05, 8.7797816214685303e-05]
[83, array([ -4.82708615e-07,   6.84839513e-08]), 1.3789846744494128e-06, 6.9802036451616092e-05]
#############################################################
[1, array([ 2.01928793,  2.03696557]), 6.7149233573038138, 17.931898688575451]
[2, array([ 2.01928793,  2.03696557]), 6.7149233573038138, 16.885997124673004]
[3, array([ 2.01928793,  2.03696557]), 6.7149233573038138, 15.859961935962598]
[4, array([ 2.01928793,  2.03696557]), 6.7149233573038138, 15.269349078240827]
[5, array([ 2.01928793,  2.03696557]), 6.7149233573038138, 13.978492073690301]
[6, array([ 2.01928793,  2.03696557]), 6.7149233573038138, 12.286217779329876]
[7, array([-1.58988798, -1.02237739]), 6.334297616821658, 11.506496880769891]
[8, array([-1.58988798, -1.02237739]), 6.334297616821658, 10.983386438002505]
[9, array([-1.58988798, -1.02237739]), 6.334297616821658, 10.57338085011069]
[10, array([-1.58988798, -1.02237739]), 6.334297616821658, 10.319679085890769]
[11, array([ 0.30867004,  0.85315457]), 3.9972434243032962, 9.1472424661227603]
[12, array([ 0.30867004,  0.85315457]), 3.9972434243032962, 8.7469022191533767]
[13, array([-1.06177676,  1.03767385]), 3.9231625740043303, 7.9457486935860917]
[14, array([-1.06177676,  1.03767385]), 3.9231625740043303, 7.597629673154751]
[15, array([-1.06177676,  1.03767385]), 3.9231625740043303, 7.4174190027046887]
[16, array([ 0.97698646, -0.88141047]), 3.7456591668486507, 6.7899929541386452]
[17, array([-0.8350524 , -0.01407277]), 2.8235909044679315, 5.5547649244696897]
[18, array([-0.17259923, -0.18223851]), 1.8627566114141527, 5.0094915361364034]
[19, array([-0.17259923, -0.18223851]), 1.8627566114141527, 4.5951781741495594]
[20, array([-0.17259923, -0.18223851]), 1.8627566114141527, 4.2839580586677064]
[21, array([-0.17259923, -0.18223851]), 1.8627566114141527, 3.9222896372800613]
[22, array([-0.05876321,  0.16113467]), 1.1199890344184245, 3.4838671342494356]
[23, array([-0.05876321,  0.16113467]), 1.1199890344184245, 3.2018322760245956]
[24, array([ 0.01358645,  0.05069445]), 0.22023167147268952, 2.9268448498884028]
[25, array([-0.00375506, -0.00759649]), 0.025878973179623177, 2.4817643186197866]
[26, array([-0.00375506, -0.00759649]), 0.025878973179623177, 2.2664085850275102]
[27, array([-0.00375506, -0.00759649]), 0.025878973179623177, 2.2274357880260034]
[28, array([-0.00375506, -0.00759649]), 0.025878973179623177, 1.9480604389834077]
[29, array([-0.00375506, -0.00759649]), 0.025878973179623177, 1.8459167571993045]
[30, array([-0.00375506, -0.00759649]), 0.025878973179623177, 1.6247895772392014]
[31, array([-0.00375506, -0.00759649]), 0.025878973179623177, 1.2667799816039282]
[32, array([-0.00375506, -0.00759649]), 0.025878973179623177, 1.1262773217884661]
[33, array([-0.00375506, -0.00759649]), 0.025878973179623177, 0.87204120129246654]
[34, array([-0.00375506, -0.00759649]), 0.025878973179623177, 0.61356069665946578]
[35, array([-0.00375506, -0.00759649]), 0.025878973179623177, 0.57001797875335813]
[36, array([-0.00375506, -0.00759649]), 0.025878973179623177, 0.42679947445535138]
[37, array([-0.00375506, -0.00759649]), 0.025878973179623177, 0.35013989624142033]
[38, array([-0.00375506, -0.00759649]), 0.025878973179623177, 0.26353168611475503]
[39, array([-0.00375506, -0.00759649]), 0.025878973179623177, 0.19114391523572988]
[40, array([-0.00375506, -0.00759649]), 0.025878973179623177, 0.12604648631947207]
[41, array([-0.00375506, -0.00759649]), 0.025878973179623177, 0.11089303693477773]
[42, array([-0.00375506, -0.00759649]), 0.025878973179623177, 0.096294224157972771]
[43, array([-0.00375506, -0.00759649]), 0.025878973179623177, 0.084477054341866961]
[44, array([-0.00375506, -0.00759649]), 0.025878973179623177, 0.069659679887543027]
[45, array([-0.00509712,  0.00599138]), 0.023896009684805097, 0.058752412621707516]
[46, array([-0.00272192, -0.00360356]), 0.013316248234894079, 0.050696226419755505]
[47, array([-0.00272192, -0.00360356]), 0.013316248234894079, 0.045215938389188803]
[48, array([-0.00272192, -0.00360356]), 0.013316248234894079, 0.037742667802024864]
[49, array([-0.00272192, -0.00360356]), 0.013316248234894079, 0.031944091587000845]
[50, array([-0.00272192, -0.00360356]), 0.013316248234894079, 0.029238940572279846]
[51, array([ 0.00361029,  0.0016405 ]), 0.011634892418488807, 0.022613125176731419]
[52, array([ 0.00361029,  0.0016405 ]), 0.011634892418488807, 0.019655947027192422]
[53, array([ 0.00107212,  0.00198693]), 0.0065215626792043402, 0.017763211638641342]
[54, array([ 0.0014941 ,  0.00111751]), 0.0053699274906731098, 0.013552802300654055]
[55, array([ 0.00027018,  0.00053867]), 0.0017141577367216776, 0.012453910793373968]
[56, array([ 0.00027018,  0.00053867]), 0.0017141577367216776, 0.010611284207510164]
[57, array([ 0.00027018,  0.00053867]), 0.0017141577367216776, 0.0095814632750511382]
[58, array([ 0.00027018,  0.00053867]), 0.0017141577367216776, 0.0084089985891119493]
[59, array([ -9.73856022e-05,   1.23208144e-04]), 0.00044485674202165981, 0.006777150029055168]
[60, array([ -9.73856022e-05,   1.23208144e-04]), 0.00044485674202165981, 0.0055062903524363271]
[61, array([ -9.73856022e-05,   1.23208144e-04]), 0.00044485674202165981, 0.0047984314366453342]
[62, array([ -9.73856022e-05,   1.23208144e-04]), 0.00044485674202165981, 0.0037043238236759814]
[63, array([ -9.73856022e-05,   1.23208144e-04]), 0.00044485674202165981, 0.0031098749158261717]
[64, array([ -1.45186293e-04,  -1.07614946e-05]), 0.00041233975490628794, 0.0023731164357614354]
[65, array([ -1.45186293e-04,  -1.07614946e-05]), 0.00041233975490628794, 0.0022204776273947679]
[66, array([ -1.45186293e-04,  -1.07614946e-05]), 0.00041233975490628794, 0.0020867927807333153]
[67, array([ -1.45186293e-04,  -1.07614946e-05]), 0.00041233975490628794, 0.0017697141205125001]
[68, array([ -1.45186293e-04,  -1.07614946e-05]), 0.00041233975490628794, 0.0013993655905113478]
[69, array([ -1.45186293e-04,  -1.07614946e-05]), 0.00041233975490628794, 0.00124744346944885]
[70, array([ -1.45186293e-04,  -1.07614946e-05]), 0.00041233975490628794, 0.0011025240794547918]
[71, array([ -6.79581535e-05,   4.22273117e-05]), 0.00022647037598177988, 0.00092231787198366884]
[72, array([ -6.79581535e-05,   4.22273117e-05]), 0.00022647037598177988, 0.00085547156230250112]
[73, array([ -2.85672324e-05,   1.13340404e-05]), 8.6952580823140835e-05, 0.00069488781315785175]
[74, array([ -2.85672324e-05,   1.13340404e-05]), 8.6952580823140835e-05, 0.00058561704954760427]
[75, array([  7.14559910e-07,  -2.48311327e-05]), 7.0278555686531519e-05, 0.00050501629776364962]
[76, array([  7.14559910e-07,  -2.48311327e-05]), 7.0278555686531519e-05, 0.00046022135888259543]
[77, array([  7.14559910e-07,  -2.48311327e-05]), 7.0278555686531519e-05, 0.00036227431237412233]
[78, array([  7.14559910e-07,  -2.48311327e-05]), 7.0278555686531519e-05, 0.0003220816851569275]
[79, array([  3.33941363e-06,  -1.36895093e-05]), 3.9860459911000845e-05, 0.00027705736679886075]
[80, array([ -7.91402523e-06,   5.05031372e-06]), 2.655606066115368e-05, 0.00022496090425940806]
[81, array([ -7.91402523e-06,   5.05031372e-06]), 2.655606066115368e-05, 0.00021397992422942381]
[82, array([ -7.91402523e-06,   5.05031372e-06]), 2.655606066115368e-05, 0.00018835562905055169]
[83, array([  8.91030578e-06,   2.29154078e-06]), 2.6024507239430505e-05, 0.00016101948326232573]
[84, array([  8.91030578e-06,   2.29154078e-06]), 2.6024507239430505e-05, 0.00014569125085719392]
[85, array([  8.91030578e-06,   2.29154078e-06]), 2.6024507239430505e-05, 0.00012317214756931704]
[86, array([  8.91030578e-06,   2.29154078e-06]), 2.6024507239430505e-05, 9.9693212898532837e-05]
[87, array([  5.05652219e-06,   1.52246973e-06]), 1.493696184384774e-05, 8.2611672932930705e-05]
[88, array([  5.05652219e-06,   1.52246973e-06]), 1.493696184384774e-05, 7.3088808081944731e-05]
[89, array([  5.05652219e-06,   1.52246973e-06]), 1.493696184384774e-05, 6.1215954211046864e-05]
[90, array([  5.05652219e-06,   1.52246973e-06]), 1.493696184384774e-05, 5.3286430307064589e-05]
[91, array([  2.03514356e-06,   4.18500323e-06]), 1.3162965921242886e-05, 4.2103769551982142e-05]
[92, array([  1.62121123e-06,   1.70381358e-06]), 6.6522486616982235e-06, 3.5700602762833712e-05]
#############################################################
[1, array([ 2.01928793,  2.03696557]), 6.7149233573038138, 18.255633506190772]
[2, array([ 2.01928793,  2.03696557]), 6.7149233573038138, 17.913032632108308]
[3, array([ 2.01928793,  2.03696557]), 6.7149233573038138, 17.357527565947827]
[4, array([ 2.01928793,  2.03696557]), 6.7149233573038138, 16.526856300681658]
[5, array([ 2.01928793,  2.03696557]), 6.7149233573038138, 15.634931630997823]
[6, array([ 2.01928793,  2.03696557]), 6.7149233573038138, 14.583779275823286]
[7, array([-0.50805428, -1.06189917]), 4.8214915587464944, 13.071744306517298]
[8, array([-0.50805428, -1.06189917]), 4.8214915587464944, 12.39607069041768]
[9, array([-0.50805428, -1.06189917]), 4.8214915587464944, 11.830007800733926]
[10, array([ 0.88512503,  0.51552864]), 4.5305310231601972, 10.984893481599718]
[11, array([ 0.88512503,  0.51552864]), 4.5305310231601972, 10.508971972944291]
[12, array([ 0.88512503,  0.51552864]), 4.5305310231601972, 9.1027573335728711]
[13, array([-0.24191513,  0.51552864]), 3.642218031551121, 7.9962105209706751]
[14, array([-0.24191513,  0.51552864]), 3.642218031551121, 7.2941382994721708]
[15, array([ 0.7359057,  0.1908977]), 3.6099867073179088, 6.5505714704706692]
[16, array([-0.60755498, -0.07837252]), 3.3262308705759165, 5.9950428683775581]
[17, array([ 0.65932447, -0.07596079]), 3.3195077680127487, 5.3895059466802628]
[18, array([ 0.06945016, -0.39322391]), 2.7529583861263558, 5.0690169879044618]
[19, array([ 0.05847616,  0.29924298]), 2.1929329854653266, 4.7228550903492241]
[20, array([-0.05488685,  0.19329677]), 1.3727219166763018, 4.0691746391819024]
[21, array([-0.05488685,  0.19329677]), 1.3727219166763018, 3.5823217707049588]
[22, array([ 0.1108961 , -0.07909094]), 0.82258491441496107, 3.2401549256506512]
[23, array([ 0.06945016, -0.05991339]), 0.47142165275759185, 2.9675660474664132]
[24, array([ 0.06945016, -0.05991339]), 0.47142165275759185, 2.6486777353927975]
[25, array([ 0.06945016, -0.05991339]), 0.47142165275759185, 2.4843772865047464]
[26, array([ 0.06945016, -0.05991339]), 0.47142165275759185, 2.3302763831697626]
[27, array([ 0.06945016, -0.05991339]), 0.47142165275759185, 2.2854559834818575]
[28, array([ 0.06945016, -0.05991339]), 0.47142165275759185, 1.9032380767335693]
[29, array([ 0.04582613,  0.02939859]), 0.23133829654987581, 1.4740732300988779]
[30, array([ 0.00052531,  0.02049311]), 0.069133950605618555, 1.2029839008564127]
[31, array([ 0.00052531,  0.02049311]), 0.069133950605618555, 0.8780541039941937]
[32, array([ 0.00052531,  0.02049311]), 0.069133950605618555, 0.57963662557272855]
[33, array([ 0.00052531,  0.02049311]), 0.069133950605618555, 0.44701293734385528]
[34, array([ 0.00052531,  0.02049311]), 0.069133950605618555, 0.35010809774454599]
[35, array([ 0.00052531,  0.02049311]), 0.069133950605618555, 0.28602076765673246]
[36, array([ 0.00052531,  0.02049311]), 0.069133950605618555, 0.20793633184535426]
[37, array([ 0.00052531,  0.02049311]), 0.069133950605618555, 0.15691564039310918]
[38, array([ 0.00052531,  0.02049311]), 0.069133950605618555, 0.14419850423137132]
[39, array([-0.01078516,  0.01210178]), 0.052834591695458233, 0.13145862142386741]
[40, array([-0.000744  ,  0.01102059]), 0.03448746717729323, 0.11124365192064163]
[41, array([-0.000744  ,  0.01102059]), 0.03448746717729323, 0.10103318001456758]
[42, array([ -3.43253339e-03,  -4.60943502e-05]), 0.010023315233081309, 0.069674512691659002]
[43, array([ -3.43253339e-03,  -4.60943502e-05]), 0.010023315233081309, 0.057064253136768439]
[44, array([-0.00045812,  0.00289633]), 0.0085228407382449412, 0.04852136660281383]
[45, array([-0.00045812,  0.00289633]), 0.0085228407382449412, 0.039241417099867615]
[46, array([ 0.00227656, -0.00123084]), 0.0074982965289192016, 0.032550004826566073]
[47, array([ 0.00227656, -0.00123084]), 0.0074982965289192016, 0.029805851779916549]
[48, array([ 0.00227656, -0.00123084]), 0.0074982965289192016, 0.026430521576237799]
[49, array([ 0.00227656, -0.00123084]), 0.0074982965289192016, 0.023387814367235204]
[50, array([ 0.00227656, -0.00123084]), 0.0074982965289192016, 0.022426483946310239]
[51, array([ 0.00227656, -0.00123084]), 0.0074982965289192016, 0.017848419014368577]
[52, array([-0.00076809,  0.00171544]), 0.0054102173758896477, 0.01611842414487219]
[53, array([-0.00042219,  0.00067587]), 0.0022708759165479542, 0.012943699234034777]
[54, array([-0.00042219,  0.00067587]), 0.0022708759165479542, 0.012490536080936731]
[55, array([-0.00042219,  0.00067587]), 0.0022708759165479542, 0.011834650463684593]
[56, array([-0.00042219,  0.00067587]), 0.0022708759165479542, 0.00941699120007824]
[57, array([-0.00042219,  0.00067587]), 0.0022708759165479542, 0.0088802079913031136]
[58, array([-0.00042219,  0.00067587]), 0.0022708759165479542, 0.0078124250477732641]
[59, array([-0.00042219,  0.00067587]), 0.0022708759165479542, 0.0069490146599512134]
[60, array([-0.00042219,  0.00067587]), 0.0022708759165479542, 0.006189749639216746]
[61, array([-0.0002325 ,  0.00029778]), 0.001072371803456651, 0.0044771540494664029]
[62, array([-0.0002325 ,  0.00029778]), 0.001072371803456651, 0.0042538793541972986]
[63, array([-0.0002325 ,  0.00029778]), 0.001072371803456651, 0.0032966150548655372]
[64, array([ -3.39023278e-04,  -4.11112834e-06]), 0.00096203416167428557, 0.0029432499173382533]
[65, array([ -3.39023278e-04,  -4.11112834e-06]), 0.00096203416167428557, 0.0024645947477197616]
[66, array([ -3.39023278e-04,  -4.11112834e-06]), 0.00096203416167428557, 0.0022320473487437375]
[67, array([ 0.00022403, -0.00017685]), 0.00080944860909726302, 0.001839235708114817]
[68, array([  1.25921519e-04,  -9.06814102e-05]), 0.00043954297799730924, 0.0016019172033352013]
[69, array([ -6.25780904e-05,  -7.28969551e-05]), 0.00027198070092326887, 0.0014114081960260982]
[70, array([ -6.25780904e-05,  -7.28969551e-05]), 0.00027198070092326887, 0.0012495260410505971]
[71, array([ -6.25780904e-05,  -7.28969551e-05]), 0.00027198070092326887, 0.0010557720807597981]
[72, array([ -6.25780904e-05,  -7.28969551e-05]), 0.00027198070092326887, 0.00091337204623647143]
[73, array([ -6.25780904e-05,  -7.28969551e-05]), 0.00027198070092326887, 0.00077880328575643534]
[74, array([  3.52524448e-05,   2.66254524e-05]), 0.00012500474682797247, 0.00069792695320982647]
[75, array([  3.52524448e-05,   2.66254524e-05]), 0.00012500474682797247, 0.00056833597199412722]
[76, array([  3.15223054e-05,  -2.39452726e-05]), 0.00011200714419290492, 0.00048774244438094528]
[77, array([  3.15223054e-05,  -2.39452726e-05]), 0.00011200714419290492, 0.00041744364073119654]
[78, array([ -1.11897625e-05,   1.69523105e-05]), 5.7462992039791772e-05, 0.00034398496671466104]
[79, array([ -1.11897625e-05,   1.69523105e-05]), 5.7462992039791772e-05, 0.00034398496671466104]
[80, array([ -1.11897625e-05,   1.69523105e-05]), 5.7462992039791772e-05, 0.0002488901071211025]
[81, array([ -1.11897625e-05,   1.69523105e-05]), 5.7462992039791772e-05, 0.00021853205133721688]
[82, array([ -1.11897625e-05,   1.69523105e-05]), 5.7462992039791772e-05, 0.00018302473332516557]
[83, array([ -1.11897625e-05,   1.69523105e-05]), 5.7462992039791772e-05, 0.00015855437859864098]
[84, array([ -1.11897625e-05,   1.69523105e-05]), 5.7462992039791772e-05, 0.00013683625080469498]
[85, array([  1.10494551e-05,  -3.39735076e-06]), 3.2700035323518506e-05, 0.00010946507183247078]
[86, array([  1.10494551e-05,  -3.39735076e-06]), 3.2700035323518506e-05, 8.897430775762771e-05]
[87, array([  1.10494551e-05,  -3.39735076e-06]), 3.2700035323518506e-05, 7.8471430999993427e-05]
[88, array([  3.44909422e-06,   5.70820263e-07]), 9.8885352923794301e-06, 5.9179035328238426e-05]
#############################################################
[1, array([ 2.01928793,  2.03696557]), 6.7149233573038138, 17.623345907414585]
[2, array([ 2.01928793,  2.03696557]), 6.7149233573038138, 16.050624269530246]
[3, array([ 2.01928793,  2.03696557]), 6.7149233573038138, 15.492427030576824]
[4, array([-0.83145883,  0.63782415]), 4.5491085259895527, 13.816671960532526]
[5, array([-0.83145883,  0.63782415]), 4.5491085259895527, 12.968956986059908]
[6, array([-0.20223879,  0.98738273]), 3.4668143080683795, 11.286642019493412]
[7, array([-0.20223879,  0.98738273]), 3.4668143080683795, 9.9869859167324186]
[8, array([-0.20223879,  0.98738273]), 3.4668143080683795, 9.3460841925286324]
[9, array([ 0.71458739,  0.09036582]), 3.2901351456155443, 7.7177662624993602]
[10, array([ 0.71458739,  0.09036582]), 3.2901351456155443, 7.2712247611775727]
[11, array([ 0.71458739,  0.09036582]), 3.2901351456155443, 7.0016130092560687]
[12, array([ 0.71458739,  0.09036582]), 3.2901351456155443, 6.1661898202102989]
[13, array([ 0.00865236, -0.76980976]), 3.028409949290467, 5.573944707840317]
[14, array([ 0.00865236, -0.76980976]), 3.028409949290467, 5.0119916404707485]
[15, array([ 0.00865236, -0.76980976]), 3.028409949290467, 4.7463339377360718]
[16, array([ 0.27300122,  0.14054516]), 2.2900686972339099, 4.211765649257635]
[17, array([-0.15778941,  0.01728005]), 1.0007346372865844, 3.6307401929653715]
[18, array([-0.15778941,  0.01728005]), 1.0007346372865844, 3.3993718416794572]
[19, array([-0.15778941,  0.01728005]), 1.0007346372865844, 3.2147125078681724]
[20, array([-0.15778941,  0.01728005]), 1.0007346372865844, 2.9128594681299615]
[21, array([-0.15778941,  0.01728005]), 1.0007346372865844, 2.6317180488798542]
[22, array([-0.15778941,  0.01728005]), 1.0007346372865844, 2.5126466042169717]
[23, array([-0.15778941,  0.01728005]), 1.0007346372865844, 2.4120720052489224]
[24, array([-0.15778941,  0.01728005]), 1.0007346372865844, 2.2714896538283167]
[25, array([ 0.09809117,  0.09834863]), 0.84693165275772531, 2.0033696227681852]
[26, array([-0.07209273, -0.09834034]), 0.7038303443937477, 1.8417549049688677]
[27, array([-0.07209273, -0.09834034]), 0.7038303443937477, 1.6530108017711211]
[28, array([-0.0641268 ,  0.01370293]), 0.2961379152630248, 1.3157758777663273]
[29, array([-0.0641268 ,  0.01370293]), 0.2961379152630248, 1.2187118086507884]
[30, array([-0.0641268 ,  0.01370293]), 0.2961379152630248, 1.1774102637442927]
[31, array([-0.0641268 ,  0.01370293]), 0.2961379152630248, 1.0179546669921646]
[32, array([-0.0641268 ,  0.01370293]), 0.2961379152630248, 0.95469817469387586]
[33, array([-0.01882704, -0.03722608]), 0.1637556644133018, 0.81051562013886147]
[34, array([-0.01882704, -0.03722608]), 0.1637556644133018, 0.73636175775345336]
[35, array([-0.01882704, -0.03722608]), 0.1637556644133018, 0.57949159883430679]
[36, array([-0.01882704, -0.03722608]), 0.1637556644133018, 0.5308445011065599]
[37, array([ 0.03507775, -0.01093427]), 0.13949913120066926, 0.42240853290405]
[38, array([ 0.01722576,  0.00672371]), 0.061383675684915762, 0.34999452343134047]
[39, array([ 0.00620842, -0.01490333]), 0.052591660948657637, 0.24921236802209537]
[40, array([-0.01157309, -0.00035148]), 0.036314571428296194, 0.21106056652038374]
[41, array([ 0.00614213,  0.00126742]), 0.01878559129150803, 0.15271563235183114]
[42, array([ 0.00120044, -0.00035148]), 0.0035795623667849163, 0.10535334112709452]
[43, array([ 0.00120044, -0.00035148]), 0.0035795623667849163, 0.088309517480869196]
[44, array([ 0.00120044, -0.00035148]), 0.0035795623667849163, 0.080001951720597028]
[45, array([ 0.00120044, -0.00035148]), 0.0035795623667849163, 0.073228541401828634]
[46, array([ 0.00120044, -0.00035148]), 0.0035795623667849163, 0.055990521758864188]
[47, array([ 0.00120044, -0.00035148]), 0.0035795623667849163, 0.047875364638978103]
[48, array([ 0.00120044, -0.00035148]), 0.0035795623667849163, 0.043696780957630653]
[49, array([ 0.00120044, -0.00035148]), 0.0035795623667849163, 0.038050881501207189]
[50, array([ 0.00120044, -0.00035148]), 0.0035795623667849163, 0.034987240847537307]
[51, array([ 0.00120044, -0.00035148]), 0.0035795623667849163, 0.026583617577876684]
[52, array([ 0.00120044, -0.00035148]), 0.0035795623667849163, 0.021164323984911436]
[53, array([ 0.00120044, -0.00035148]), 0.0035795623667849163, 0.017612587880191998]
[54, array([ 0.00120044, -0.00035148]), 0.0035795623667849163, 0.014610146886714848]
[55, array([-0.00083146, -0.00083018]), 0.0033600549839012395, 0.011046438076465659]
[56, array([ -2.60378387e-05,  -5.66988790e-04]), 0.0016139550282798787, 0.010122957425250424]
[57, array([ -2.60378387e-05,  -5.66988790e-04]), 0.0016139550282798787, 0.0077630861718481544]
[58, array([ -2.60378387e-05,  -5.66988790e-04]), 0.0016139550282798787, 0.0069863796136547581]
[59, array([ 0.00037659,  0.00015328]), 0.0011544205988021083, 0.0061160019025268573]
[60, array([ 0.00037659,  0.00015328]), 0.0011544205988021083, 0.0056453046845461154]
[61, array([ 0.00037659,  0.00015328]), 0.0011544205988021083, 0.0046155215173642183]
[62, array([ 0.00037659,  0.00015328]), 0.0011544205988021083, 0.0039479401986198146]
[63, array([ 0.00012594, -0.00030724]), 0.00094212328789611277, 0.0029732468959251966]
[64, array([ 0.00012594, -0.00030724]), 0.00094212328789611277, 0.0026595809861919228]
[65, array([  7.41713425e-05,   2.73224177e-04]), 0.00080289816688905447, 0.0022804022937175537]
[66, array([  7.41713425e-05,   2.73224177e-04]), 0.00080289816688905447, 0.0020516959200704401]
[67, array([  7.41713425e-05,   2.73224177e-04]), 0.00080289816688905447, 0.0019561348519796518]
[68, array([ -6.04608829e-05,   1.28063078e-04]), 0.00040109036532998132, 0.001716541546892092]
[69, array([ -6.04608829e-05,   1.28063078e-04]), 0.00040109036532998132, 0.0014621667597634947]
[70, array([  4.71445840e-05,   2.01484154e-05]), 0.00014508228197174233, 0.0010054736625167316]
[71, array([  4.71445840e-05,   2.01484154e-05]), 0.00014508228197174233, 0.0008930123099637477]
[72, array([  4.71445840e-05,   2.01484154e-05]), 0.00014508228197174233, 0.00076001259732718653]
[73, array([  4.71445840e-05,   2.01484154e-05]), 0.00014508228197174233, 0.00073570039752448582]
[74, array([  4.71445840e-05,   2.01484154e-05]), 0.00014508228197174233, 0.00061798795840912741]
[75, array([  2.64244208e-05,  -1.61423383e-05]), 8.7607498031605502e-05, 0.0004479523999099122]
[76, array([  2.64244208e-05,  -1.61423383e-05]), 8.7607498031605502e-05, 0.00042557620123604421]
[77, array([  6.27601058e-06,  -3.31339683e-06]), 2.0074588523488757e-05, 0.0003279113969383296]
[78, array([  6.27601058e-06,  -3.31339683e-06]), 2.0074588523488757e-05, 0.00027151599796804149]
[79, array([  6.27601058e-06,  -3.31339683e-06]), 2.0074588523488757e-05, 0.00022290464381304886]
[80, array([  6.27601058e-06,  -3.31339683e-06]), 2.0074588523488757e-05, 0.00020444324943005298]
[81, array([  6.27601058e-06,  -3.31339683e-06]), 2.0074588523488757e-05, 0.00019713190510275424]
[82, array([  1.85071884e-06,  -5.09732395e-06]), 1.5339067652053728e-05, 0.000159772232112676]
[83, array([  1.85071884e-06,  -5.09732395e-06]), 1.5339067652053728e-05, 0.0001201173439969061]
[84, array([  1.85071884e-06,  -5.09732395e-06]), 1.5339067652053728e-05, 0.00010635525525257706]
[85, array([  1.85071884e-06,  -5.09732395e-06]), 1.5339067652053728e-05, 8.6293543705995288e-05]
[86, array([  1.85071884e-06,  -5.09732395e-06]), 1.5339067652053728e-05, 6.8803635063385829e-05]
[87, array([  1.85071884e-06,  -5.09732395e-06]), 1.5339067652053728e-05, 6.00068604252435e-05]
[88, array([  1.85071884e-06,  -5.09732395e-06]), 1.5339067652053728e-05, 5.2404432694341804e-05]
[89, array([  3.11272417e-07,  -1.97482164e-07]), 1.0426530221430141e-06, 4.1930618397056917e-05]
#############################################################
[1, array([ 2.01928793,  2.03696557]), 6.7149233573038138, 18.003431651685219]
[2, array([ 2.01928793,  2.03696557]), 6.7149233573038138, 16.614808204324927]
[3, array([ 2.01928793,  2.03696557]), 6.7149233573038138, 15.725014894150254]
[4, array([ 2.01928793,  2.03696557]), 6.7149233573038138, 15.544591443046167]
[5, array([ 2.01928793,  2.03696557]), 6.7149233573038138, 14.921324626157556]
[6, array([ 0.66193655,  0.07888846]), 3.3239097611270378, 13.702253037725409]
[7, array([ 0.66193655,  0.07888846]), 3.3239097611270378, 12.61678973798139]
[8, array([ 0.66193655,  0.07888846]), 3.3239097611270378, 11.174201995695276]
[9, array([-0.78751729, -0.09912426]), 3.1549716823799305, 9.8684377686083096]
[10, array([-0.78751729, -0.09912426]), 3.1549716823799305, 8.0224876273524437]
[11, array([-0.03377303, -0.29744212]), 2.139635188926452, 7.3606914520232802]
[12, array([-0.03377303, -0.29744212]), 2.139635188926452, 6.4262952241549502]
[13, array([ 0.02416302, -0.28271853]), 2.0247480109899567, 5.712156157382525]
[14, array([ 0.02416302, -0.28271853]), 2.0247480109899567, 5.257333950281927]
[15, array([ 0.02416302, -0.28271853]), 2.0247480109899567, 4.3970674698590582]
[16, array([ 0.02416302, -0.28271853]), 2.0247480109899567, 3.5270517138486666]
[17, array([-0.22650075,  0.00499628]), 1.5747907313585938, 3.2962070050480845]
[18, array([ 0.08276163, -0.13430784]), 1.0079953217778912, 2.8646535189632645]
[19, array([ 0.00626511,  0.03495034]), 0.13366349137620803, 2.4103466821281478]
[20, array([ 0.00626511,  0.03495034]), 0.13366349137620803, 2.2355334331504384]
[21, array([ 0.00626511,  0.03495034]), 0.13366349137620803, 2.0041823688607776]
[22, array([ 0.00626511,  0.03495034]), 0.13366349137620803, 1.5503043726341725]
[23, array([ 0.02713963,  0.00499628]), 0.09820660105564416, 1.3077882996173738]
[24, array([-0.01248288,  0.00754955]), 0.046920514602416308, 1.0868204144562994]
[25, array([-0.01248288,  0.00754955]), 0.046920514602416308, 0.70641886880098725]
[26, array([-0.01248288,  0.00754955]), 0.046920514602416308, 0.51471537225907082]
[27, array([-0.01248288,  0.00754955]), 0.046920514602416308, 0.3137586077245379]
[28, array([-0.01248288,  0.00754955]), 0.046920514602416308, 0.25639813204387985]
[29, array([-0.01248288,  0.00754955]), 0.046920514602416308, 0.2178999172063672]
[30, array([ 0.00756959, -0.00740877]), 0.032943622546153239, 0.15094452755595614]
[31, array([ 0.00756959, -0.00740877]), 0.032943622546153239, 0.11021226927963275]
[32, array([ 0.00950037,  0.00225609]), 0.030155403249882529, 0.087137111074166551]
[33, array([ 0.00950037,  0.00225609]), 0.030155403249882529, 0.08288632605070001]
[34, array([ 0.00359909,  0.00411399]), 0.01625593817729909, 0.06455665278638216]
[35, array([ 0.00359909,  0.00411399]), 0.01625593817729909, 0.052489465532365553]
[36, array([ -3.24876217e-04,   7.93333599e-05]), 0.00094886744331335038, 0.043118032035585417]
[37, array([ -3.24876217e-04,   7.93333599e-05]), 0.00094886744331335038, 0.037331998003634494]
[38, array([ -3.24876217e-04,   7.93333599e-05]), 0.00094886744331335038, 0.027402929877419789]
[39, array([ -3.24876217e-04,   7.93333599e-05]), 0.00094886744331335038, 0.021521704395009156]
[40, array([ -3.24876217e-04,   7.93333599e-05]), 0.00094886744331335038, 0.01315659465807153]
[41, array([ -3.24876217e-04,   7.93333599e-05]), 0.00094886744331335038, 0.010604114174013812]
[42, array([ -3.24876217e-04,   7.93333599e-05]), 0.00094886744331335038, 0.0089265277557916359]
[43, array([ -3.24876217e-04,   7.93333599e-05]), 0.00094886744331335038, 0.0084037229054382042]
[44, array([ -3.24876217e-04,   7.93333599e-05]), 0.00094886744331335038, 0.0077654270589731841]
[45, array([ -3.24876217e-04,   7.93333599e-05]), 0.00094886744331335038, 0.0067385877132795534]
[46, array([ -3.24876217e-04,   7.93333599e-05]), 0.00094886744331335038, 0.0051752826546240804]
[47, array([ -3.34231029e-04,   2.77743233e-06]), 0.00094835561628459075, 0.0038511124977053334]
[48, array([  1.36151581e-04,   2.44068440e-05]), 0.0003917428822295399, 0.0030638226637377921]
[49, array([  1.36151581e-04,   2.44068440e-05]), 0.0003917428822295399, 0.0028297102485285385]
[50, array([  1.36151581e-04,   2.44068440e-05]), 0.0003917428822295399, 0.0020624454783079393]
[51, array([  3.93868930e-05,  -4.11236278e-05]), 0.00016114484315865596, 0.0014751558505921914]
[52, array([  3.93868930e-05,  -4.11236278e-05]), 0.00016114484315865596, 0.0012030805374743103]
[53, array([  3.93868930e-05,  -4.11236278e-05]), 0.00016114484315865596, 0.0010759066249534932]
[54, array([  3.93868930e-05,  -4.11236278e-05]), 0.00016114484315865596, 0.0009322844694303889]
[55, array([  3.93868930e-05,  -4.11236278e-05]), 0.00016114484315865596, 0.00074295915901982927]
[56, array([  3.93868930e-05,  -4.11236278e-05]), 0.00016114484315865596, 0.00056571197704764482]
[57, array([ -4.03201977e-05,   1.90498542e-05]), 0.00012618352988669201, 0.00044275183800239758]
[58, array([  3.80562079e-05,  -1.81136979e-05]), 0.00011925740277662911, 0.00039169631114832626]
[59, array([ -5.15099414e-06,   4.09649668e-05]), 0.00011682420019498707, 0.000357405859251525]
[60, array([ -1.07876397e-05,   1.20242120e-05]), 4.5697634484032079e-05, 0.00030740479668738273]
[61, array([ -1.07876397e-05,   1.20242120e-05]), 4.5697634484032079e-05, 0.00024746466670384494]
[62, array([ -1.07876397e-05,   1.20242120e-05]), 4.5697634484032079e-05, 0.00018764467559160281]
[63, array([ -1.07876397e-05,   1.20242120e-05]), 4.5697634484032079e-05, 0.0001535819426856655]
[64, array([ -1.07876397e-05,   1.20242120e-05]), 4.5697634484032079e-05, 0.00014704623689612006]
[65, array([ -1.07876397e-05,   1.20242120e-05]), 4.5697634484032079e-05, 0.0001363182131799867]
[66, array([ -5.90220634e-06,  -1.03133829e-05]), 3.3613509405672204e-05, 0.00011245143827780524]
[67, array([  3.07136168e-06,  -1.14062932e-05]), 3.3414706301915231e-05, 9.0967612074432938e-05]
[68, array([ -7.43752300e-06,   2.78107469e-06]), 2.246073054523734e-05, 7.2640865039108604e-05]
[69, array([ -7.43752300e-06,   2.78107469e-06]), 2.246073054523734e-05, 6.9487697487868874e-05]
[70, array([ -3.89469453e-06,  -6.91097969e-09]), 1.1016280915487897e-05, 5.815752044737721e-05]
[71, array([ -3.89469453e-06,  -6.91097969e-09]), 1.1016280915487897e-05, 4.1347794844970308e-05]
[72, array([  9.66702155e-07,  -7.61524420e-07]), 3.4807672624204145e-06, 3.2705617054862304e-05]
#############################################################
