[1, array([ 2.01928793,  2.03696557]), 6.7149233573038138, 17.462481591628865]
[2, array([ 2.01928793,  2.03696557]), 6.7149233573038138, 16.426219725768146]
[3, array([ 2.01928793,  2.03696557]), 6.7149233573038138, 15.488857851759082]
[4, array([ 2.01928793,  2.03696557]), 6.7149233573038138, 14.090678472814037]
[5, array([ 1.43932153,  0.8245958 ]), 6.112351740304895, 12.924167737881254]
[6, array([ 1.43932153,  0.8245958 ]), 6.112351740304895, 12.039568656639538]
[7, array([ 1.43932153,  0.8245958 ]), 6.112351740304895, 10.425917310446199]
[8, array([ 1.43932153, -0.16807324]), 5.6200814857586749, 9.7121413595837556]
[9, array([ 1.96129129,  0.92305956]), 5.469262281457258, 8.7502086290597738]
[10, array([ 1.96129129,  0.02965742]), 4.9077693463225671, 8.0895162353421153]
[11, array([-1.00719646,  0.32838763]), 4.2000932390730803, 7.5468554228627296]
[12, array([-0.53742368,  0.32577447]), 3.9301180306956067, 6.8339767508368023]
[13, array([ 0.01890904, -0.12287668]), 0.7161456941023201, 5.5293724853748953]
[14, array([ 0.01890904, -0.12287668]), 0.7161456941023201, 5.2890651621443396]
[15, array([ 0.01890904, -0.12287668]), 0.7161456941023201, 4.5239733184683377]
[16, array([ 0.01890904, -0.12287668]), 0.7161456941023201, 3.691881742356526]
[17, array([ 0.01890904, -0.12287668]), 0.7161456941023201, 3.381581782618968]
[18, array([-0.06028333, -0.09565153]), 0.63198142410549041, 2.9183032662603048]
[19, array([-0.06028333, -0.09565153]), 0.63198142410549041, 2.677436890670136]
[20, array([-0.06028333, -0.09565153]), 0.63198142410549041, 2.4691211429867517]
[21, array([ 0.02224004, -0.05405178]), 0.25401265658816685, 1.8929929037949222]
[22, array([ 0.02224004, -0.05405178]), 0.25401265658816685, 1.7158510641172549]
[23, array([ 0.039149  ,  0.00853014]), 0.1555345492991127, 1.3627617336603788]
[24, array([ 0.00509956, -0.02122987]), 0.074401450160185068, 0.80789879375530715]
[25, array([ 0.00509956, -0.02122987]), 0.074401450160185068, 0.51803884754445395]
[26, array([-0.00246754,  0.00028383]), 0.0071895576519733773, 0.42732402310840084]
[27, array([-0.00246754,  0.00028383]), 0.0071895576519733773, 0.25325530912081173]
[28, array([-0.00246754,  0.00028383]), 0.0071895576519733773, 0.18456647830510428]
[29, array([ 0.00127795,  0.001026  ]), 0.004706871081936459, 0.12439595171712048]
[30, array([ 0.00127795,  0.001026  ]), 0.004706871081936459, 0.074682422451017152]
[31, array([ 0.00127795,  0.001026  ]), 0.004706871081936459, 0.054462041332033542]
[32, array([ 0.00127795,  0.001026  ]), 0.004706871081936459, 0.047932448603364632]
[33, array([ 0.00127795,  0.001026  ]), 0.004706871081936459, 0.036729019266265352]
[34, array([-0.00145252,  0.00018092]), 0.0041971358377854706, 0.022654124630860029]
[35, array([ 0.00072932, -0.00011161]), 0.0021013310796544893, 0.01485995341663413]
[36, array([ 0.00072932, -0.00011161]), 0.0021013310796544893, 0.012264027696063894]
[37, array([-0.00061646,  0.00028383]), 0.0019318086272090973, 0.0087710518028061742]
[38, array([-0.00061646,  0.00028383]), 0.0019318086272090973, 0.0062593723390873103]
[39, array([  3.71518779e-04,  -5.15216216e-05]), 0.0010646162289416061, 0.0046323158145946232]
[40, array([  3.71518779e-04,  -5.15216216e-05]), 0.0010646162289416061, 0.0034403241156387488]
[41, array([ -1.77228353e-04,   2.65075165e-05]), 0.00050770843666514409, 0.002951965331563766]
[42, array([ -1.77228353e-04,   2.65075165e-05]), 0.00050770843666514409, 0.0022991758688401197]
[43, array([ -1.77228353e-04,   2.65075165e-05]), 0.00050770843666514409, 0.0017306779836313347]
[44, array([ -1.77228353e-04,   2.65075165e-05]), 0.00050770843666514409, 0.0014558170392917624]
[45, array([ -1.77228353e-04,   2.65075165e-05]), 0.00050770843666514409, 0.0010446934358975036]
[46, array([ -7.84223139e-05,   7.76196202e-06]), 0.00022306099379365563, 0.0009525739273741785]
[47, array([  1.05031214e-05,  -9.10903701e-06]), 3.9328434198626638e-05, 0.00083671267230114312]
[48, array([  1.05031214e-05,  -9.10903701e-06]), 3.9328434198626638e-05, 0.00070351104976635877]
[49, array([  2.49983223e-06,  -7.59064710e-06]), 2.2605609107717584e-05, 0.0005002349464770184]
[50, array([  2.49983223e-06,  -7.59064710e-06]), 2.2605609107717584e-05, 0.00042953477636364923]
[51, array([  2.49983223e-06,  -7.59064710e-06]), 2.2605609107717584e-05, 0.00036170066666008083]
[52, array([  2.49983223e-06,  -7.59064710e-06]), 2.2605609107717584e-05, 0.00027929246171494172]
[53, array([  2.49983223e-06,  -7.59064710e-06]), 2.2605609107717584e-05, 0.00023806973000466413]
[54, array([ -4.70312803e-06,  -6.22409618e-06]), 2.2066758049721358e-05, 0.00015849126395179881]
[55, array([ -4.70312803e-06,  -6.22409618e-06]), 2.2066758049721358e-05, 0.00012528033302485752]
[56, array([ -4.70312803e-06,  -6.22409618e-06]), 2.2066758049721358e-05, 8.2518881547155584e-05]
[57, array([ -4.70312803e-06,  -6.22409618e-06]), 2.2066758049721358e-05, 5.8143638545704589e-05]
[58, array([ -5.19226729e-06,  -1.01990011e-06]), 1.4967331278814555e-05, 3.9902419318149639e-05]
[59, array([ -5.79351947e-07,  -1.61518100e-06]), 4.8534964460777985e-06, 2.9570222987640447e-05]
#############################################################
[1, array([ 0.52317418, -0.08384217]), 3.2227363920415297, 17.340330344673017]
[2, array([ 0.52317418, -0.08384217]), 3.2227363920415297, 16.52647078022007]
[3, array([ 0.52317418, -0.08384217]), 3.2227363920415297, 15.837080709245342]
[4, array([ 0.52317418, -0.08384217]), 3.2227363920415297, 14.623535964173758]
[5, array([ 0.81304463, -0.08384217]), 3.0330091218249504, 12.92008213341389]
[6, array([ 0.81304463, -0.08384217]), 3.0330091218249504, 12.072648781063046]
[7, array([ 0.81304463, -0.08384217]), 3.0330091218249504, 10.674716730307878]
[8, array([ 0.81304463, -0.08384217]), 3.0330091218249504, 9.0080550288505989]
[9, array([ 0.81304463, -0.08384217]), 3.0330091218249504, 8.4559488459544561]
[10, array([ 0.81304463, -0.08384217]), 3.0330091218249504, 7.0107354964812787]
[11, array([ 0.81304463, -0.08384217]), 3.0330091218249504, 6.5119693697156844]
[12, array([ 0.12441493, -0.29599014]), 2.3695038804213877, 5.2814500666622264]
[13, array([ 0.12441493, -0.29599014]), 2.3695038804213877, 4.3523853146563436]
[14, array([-0.04544178, -0.11782584]), 0.73526249897157259, 3.7136554290943851]
[15, array([-0.04544178, -0.11782584]), 0.73526249897157259, 3.4831299336331241]
[16, array([-0.04544178, -0.11782584]), 0.73526249897157259, 3.1538413425029206]
[17, array([-0.06072888, -0.10179105]), 0.67522244433296352, 2.889610659358826]
[18, array([-0.06072888, -0.10179105]), 0.67522244433296352, 2.65818622519597]
[19, array([-0.06072888, -0.10179105]), 0.67522244433296352, 2.4078527692899305]
[20, array([-0.03403036,  0.04252203]), 0.23148219270146742, 2.0028052198831721]
[21, array([-0.03403036,  0.04252203]), 0.23148219270146742, 1.61388092675199]
[22, array([-0.03403036,  0.04252203]), 0.23148219270146742, 1.2598313707904676]
[23, array([-0.03403036,  0.04252203]), 0.23148219270146742, 1.0457001424519299]
[24, array([-0.03403036,  0.04252203]), 0.23148219270146742, 0.69807255103504828]
[25, array([-0.04155891, -0.00650893]), 0.1654286802172682, 0.40516191634723508]
[26, array([-0.00618919, -0.01693648]), 0.059638922748444845, 0.30371711125211148]
[27, array([-0.00618919, -0.01693648]), 0.059638922748444845, 0.22088139348874067]
[28, array([-0.01192146,  0.00903705]), 0.0482623032111964, 0.16898460388472278]
[29, array([  2.21242338e-06,   5.41226854e-03]), 0.016088036181575394, 0.1271105450480948]
[30, array([  2.21242338e-06,   5.41226854e-03]), 0.016088036181575394, 0.11643061233862673]
[31, array([-0.00128062,  0.00358716]), 0.011159449344195327, 0.074731104227649586]
[32, array([ 0.00046698,  0.00203336]), 0.0060168324159737274, 0.057498348479769937]
[33, array([ 0.00046698,  0.00203336]), 0.0060168324159737274, 0.046295977154302913]
[34, array([  2.21242338e-06,   1.04388263e-03]), 0.0029815691424741608, 0.03221679106609239]
[35, array([  2.21242338e-06,   1.04388263e-03]), 0.0029815691424741608, 0.0278176026733143]
[36, array([  2.21242338e-06,   1.04388263e-03]), 0.0029815691424741608, 0.020007771246572669]
[37, array([  2.21242338e-06,   1.04388263e-03]), 0.0029815691424741608, 0.017097160857825866]
[38, array([  2.21242338e-06,   1.04388263e-03]), 0.0029815691424741608, 0.011432311081725021]
[39, array([ 0.00024688,  0.00083257]), 0.0024762850314741236, 0.0075829780337762108]
[40, array([ -3.12971350e-04,   6.78953567e-05]), 0.00090853826868242393, 0.0045905947705787934]
[41, array([ -9.27733026e-05,  -1.22287964e-04]), 0.00043478158015419766, 0.0034844604044562467]
[42, array([ -9.49252692e-05,  -1.51158887e-05]), 0.00027211800934567876, 0.0026216222812771584]
[43, array([ -9.49252692e-05,  -1.51158887e-05]), 0.00027211800934567876, 0.0020291451841814912]
[44, array([ -9.49252692e-05,  -1.51158887e-05]), 0.00027211800934567876, 0.0017050676186518565]
[45, array([ -9.49252692e-05,  -1.51158887e-05]), 0.00027211800934567876, 0.0013089756595570101]
[46, array([ -9.49252692e-05,  -1.51158887e-05]), 0.00027211800934567876, 0.0010848339617255398]
[47, array([ -9.49252692e-05,  -1.51158887e-05]), 0.00027211800934567876, 0.0009547510111553414]
[48, array([  4.57135895e-05,   6.09929217e-05]), 0.00021574448003436331, 0.00071837574591571141]
[49, array([ -5.64742417e-05,  -2.67808743e-05]), 0.00017688762626422161, 0.00060114234398911393]
[50, array([ -5.64742417e-05,  -2.67808743e-05]), 0.00017688762626422161, 0.0004937455053897644]
[51, array([ -4.57535144e-05,  -9.43259431e-06]), 0.0001321901045590046, 0.00037994753388295168]
[52, array([ -1.11475896e-05,  -1.99310813e-05]), 6.4605945930384934e-05, 0.00029219050878248609]
[53, array([ -1.27163733e-05,   1.30306506e-05]), 5.1506711166826591e-05, 0.0001841629221941865]
[54, array([ -1.27163733e-05,   1.30306506e-05]), 5.1506711166826591e-05, 0.00013895143355968642]
[55, array([  8.60599512e-06,   7.82484283e-07]), 2.4443826973641336e-05, 0.00010064077598856969]
[56, array([  8.60599512e-06,   7.82484283e-07]), 2.4443826973641336e-05, 8.8773910426187536e-05]
[57, array([  8.60599512e-06,   7.82484283e-07]), 2.4443826973641336e-05, 6.9610630009986352e-05]
[58, array([  8.60599512e-06,   7.82484283e-07]), 2.4443826973641336e-05, 5.4473657858711277e-05]
[59, array([  1.18242002e-06,  -4.17047945e-06]), 1.2261337517305293e-05, 5.1800021446535281e-05]
[60, array([  3.16230456e-06,  -1.14734746e-06]), 9.5151639674107003e-06, 3.7180185317797762e-05]
#############################################################
[1, array([-1.14100745,  1.52169335]), 6.5990490664064616, 17.533194072543992]
[2, array([-1.14100745,  1.52169335]), 6.5990490664064616, 17.33717440439311]
[3, array([-2.13656185,  0.11754726]), 5.9335051730644039, 15.359686893612837]
[4, array([-2.13656185,  0.11754726]), 5.9335051730644039, 14.758533350632911]
[5, array([-2.13656185,  0.11754726]), 5.9335051730644039, 13.621798718443296]
[6, array([ 0.70770399,  0.58129226]), 4.5809661149416883, 11.035132069771983]
[7, array([ 0.70770399,  0.58129226]), 4.5809661149416883, 10.111991574793064]
[8, array([-1.22035831, -0.04549069]), 4.1182218937385002, 8.0868056370425201]
[9, array([-1.22035831, -0.04549069]), 4.1182218937385002, 7.5935028401317792]
[10, array([ 0.09368995, -0.74659037]), 3.2377018829084503, 6.5906067729385338]
[11, array([-0.07983566, -0.80300084]), 3.0497982051355987, 5.2845512995242867]
[12, array([-0.07983566, -0.80300084]), 3.0497982051355987, 4.6936290173002639]
[13, array([-0.02846768, -0.80687089]), 2.9281222482294003, 4.3189390609754721]
[14, array([ 0.91631867,  0.00146946]), 2.6084116904055183, 3.9424820202800035]
[15, array([ 0.91631867,  0.00146946]), 2.6084116904055183, 3.7321374748057523]
[16, array([-0.23893582,  0.10909639]), 1.9228885440036589, 3.3823015946048001]
[17, array([-0.09511856, -0.1191276 ]), 0.96405472227742139, 2.8134580175081823]
[18, array([-0.09511856, -0.1191276 ]), 0.96405472227742139, 2.5400085572848563]
[19, array([ 0.07054828,  0.05180636]), 0.44138793761261441, 2.1201679366351902]
[20, array([ 0.0192144 , -0.08172905]), 0.41508832252350247, 1.5222493151328724]
[21, array([-0.03764425,  0.03773193]), 0.22499527680928866, 0.96162666214456283]
[22, array([-0.03764425,  0.03773193]), 0.22499527680928866, 0.71881221023511743]
[23, array([ 0.0192144 ,  0.03106239]), 0.13850491256029018, 0.55562533462722552]
[24, array([ 0.0192144 ,  0.03106239]), 0.13850491256029018, 0.47255054560006632]
[25, array([ 0.00248489, -0.0167713 ]), 0.055590736091187143, 0.42798319368600451]
[26, array([ 0.00248489, -0.0167713 ]), 0.055590736091187143, 0.33543260809406911]
[27, array([ 0.00187547, -0.00975615]), 0.030725942335987799, 0.23687840694261686]
[28, array([ 0.00187547, -0.00975615]), 0.030725942335987799, 0.161640994994936]
[29, array([ 0.00187547, -0.00975615]), 0.030725942335987799, 0.14435527896750147]
[30, array([-0.00239264,  0.00047618]), 0.007058600968222084, 0.10144487293972651]
[31, array([-0.00239264,  0.00047618]), 0.007058600968222084, 0.079113471158736015]
[32, array([-0.00239264,  0.00047618]), 0.007058600968222084, 0.062073138923672298]
[33, array([-0.00239264,  0.00047618]), 0.007058600968222084, 0.043454687823602088]
[34, array([-0.00047397, -0.00024715]), 0.0015195149434039656, 0.032405811302326358]
[35, array([-0.00047397, -0.00024715]), 0.0015195149434039656, 0.025758297526048059]
[36, array([-0.00047397, -0.00024715]), 0.0015195149434039656, 0.021181374425940636]
[37, array([-0.00047397, -0.00024715]), 0.0015195149434039656, 0.01718750191151406]
[38, array([-0.00047397, -0.00024715]), 0.0015195149434039656, 0.01637734542601299]
[39, array([-0.00047397, -0.00024715]), 0.0015195149434039656, 0.01273115383924397]
[40, array([-0.00047397, -0.00024715]), 0.0015195149434039656, 0.011458883145270438]
[41, array([-0.00047397, -0.00024715]), 0.0015195149434039656, 0.010158082147603142]
[42, array([-0.00047397, -0.00024715]), 0.0015195149434039656, 0.0083536957672499142]
[43, array([-0.00047397, -0.00024715]), 0.0015195149434039656, 0.0063864393346809043]
[44, array([-0.00016564, -0.00015101]), 0.00063531163949592795, 0.0045650464515751389]
[45, array([  1.11856579e-04,  -6.44811328e-05]), 0.00036562560403341493, 0.0032434026414075666]
[46, array([  1.11856579e-04,  -6.44811328e-05]), 0.00036562560403341493, 0.0028741602995075331]
[47, array([  1.46153640e-05,   9.89775149e-05]), 0.0002832528762266584, 0.0021585318984867819]
[48, array([  1.46153640e-05,   9.89775149e-05]), 0.0002832528762266584, 0.0018297217363790531]
[49, array([  1.46153640e-05,   9.89775149e-05]), 0.0002832528762266584, 0.0013099758812516349]
[50, array([  1.46153640e-05,   9.89775149e-05]), 0.0002832528762266584, 0.0010899825162110411]
[51, array([  1.46153640e-05,   9.89775149e-05]), 0.0002832528762266584, 0.00096657739060530541]
[52, array([  7.00371655e-05,   1.34869362e-05]), 0.00020186997982252208, 0.00073450166721107375]
[53, array([  1.46153640e-05,  -4.38083056e-07]), 4.1362751372009399e-05, 0.00057373629231465277]
[54, array([  1.46153640e-05,  -4.38083056e-07]), 4.1362751372009399e-05, 0.00038330239049217952]
[55, array([  1.46153640e-05,  -4.38083056e-07]), 4.1362751372009399e-05, 0.00031036217904523156]
[56, array([  1.46153640e-05,  -4.38083056e-07]), 4.1362751372009399e-05, 0.00026517032384267838]
[57, array([  1.46153640e-05,  -4.38083056e-07]), 4.1362751372009399e-05, 0.00019621914892811176]
[58, array([  3.01689887e-06,  -1.00854257e-05]), 2.9777771285655064e-05, 0.00012389384004913851]
[59, array([ -7.86236604e-06,   2.66342427e-06]), 2.3481294693983301e-05, 8.4123453330686718e-05]
[60, array([ -7.86236604e-06,   2.66342427e-06]), 2.3481294693983301e-05, 6.2094564578085704e-05]
[61, array([  2.30997867e-06,   5.84576148e-07]), 6.7397243133093809e-06, 4.1245021471691953e-05]
#############################################################
[1, array([ 2.01928793,  2.03696557]), 6.7149233573038138, 18.233480973089108]
[2, array([ 2.01928793,  2.03696557]), 6.7149233573038138, 17.430023411710089]
[3, array([ 2.01928793,  2.03696557]), 6.7149233573038138, 16.763756446088291]
[4, array([-0.98776151, -1.64995996]), 6.253601205189053, 14.878887877266592]
[5, array([-0.98776151, -1.64995996]), 6.253601205189053, 12.870379965319529]
[6, array([-0.98776151, -1.64995996]), 6.253601205189053, 12.333611010322048]
[7, array([-0.98776151, -1.64995996]), 6.253601205189053, 11.276596619756655]
[8, array([ 1.20437753,  1.03780876]), 4.8727418268009544, 9.4477905297252214]
[9, array([ 0.47095817,  0.13856762]), 3.2156501693499107, 8.211579307194576]
[10, array([ 0.47095817,  0.13856762]), 3.2156501693499107, 7.6576140468085185]
[11, array([ 0.47095817,  0.13856762]), 3.2156501693499107, 6.9148237342605956]
[12, array([ 0.47095817,  0.13856762]), 3.2156501693499107, 6.213990059186866]
[13, array([ 0.47095817,  0.13856762]), 3.2156501693499107, 5.5251628045797672]
[14, array([-0.27379969,  0.32669049]), 3.1520567305844662, 4.762811518248526]
[15, array([ 0.20318012,  0.10265119]), 1.6280838706776213, 4.2941026013554202]
[16, array([ 0.20318012,  0.10265119]), 1.6280838706776213, 3.6809908499711326]
[17, array([-0.0335116 ,  0.14583345]), 0.92630241139924197, 3.4325579782781808]
[18, array([-0.0335116 ,  0.14583345]), 0.92630241139924197, 3.2035124912856636]
[19, array([-0.0335116 ,  0.14583345]), 0.92630241139924197, 2.8685333563375339]
[20, array([ 0.09997197,  0.04255786]), 0.59592330423543105, 2.6334658275722811]
[21, array([-0.00897263,  0.01803976]), 0.067765055211350234, 2.0612659548081691]
[22, array([-0.00897263,  0.01803976]), 0.067765055211350234, 1.6403311972332326]
[23, array([-0.00897263,  0.01803976]), 0.067765055211350234, 1.3408083410540503]
[24, array([-0.00897263,  0.01803976]), 0.067765055211350234, 1.0077183238652809]
[25, array([-0.00897263,  0.01803976]), 0.067765055211350234, 0.49621805788175538]
[26, array([-0.00897263,  0.01803976]), 0.067765055211350234, 0.45299702936607245]
[27, array([-0.00897263,  0.01803976]), 0.067765055211350234, 0.31035043127609141]
[28, array([-0.00809965,  0.0182245 ]), 0.066968460071997971, 0.21883025067964743]
[29, array([-0.00837826,  0.00453576]), 0.029362556484223479, 0.13986261369420677]
[30, array([-0.00082217,  0.00414932]), 0.012440618110972412, 0.10306015222499694]
[31, array([-0.00082217,  0.00414932]), 0.012440618110972412, 0.084786327402500292]
[32, array([-0.00082217,  0.00414932]), 0.012440618110972412, 0.058840740017957228]
[33, array([-0.00130901, -0.00290731]), 0.0092888699316344692, 0.048207574120462747]
[34, array([-0.00130901, -0.00290731]), 0.0092888699316344692, 0.031014713079184464]
[35, array([-0.00116848, -0.00072268]), 0.003936244957881474, 0.02270581671427534]
[36, array([-0.00116848, -0.00072268]), 0.003936244957881474, 0.017310690745432834]
[37, array([-0.00116848, -0.00072268]), 0.003936244957881474, 0.013627507227802038]
[38, array([ -5.10765146e-04,   8.12507732e-06]), 0.0014517933509456959, 0.0098345244812628081]
[39, array([ -5.10765146e-04,   8.12507732e-06]), 0.0014517933509456959, 0.0082451670403892226]
[40, array([ -5.10765146e-04,   8.12507732e-06]), 0.0014517933509456959, 0.007038719379292591]
[41, array([ -5.10765146e-04,   8.12507732e-06]), 0.0014517933509456959, 0.0065201960746953166]
[42, array([  4.08796977e-04,   8.12507732e-06]), 0.0011609325698320738, 0.0059005219271804242]
[43, array([  4.08796977e-04,   8.12507732e-06]), 0.0011609325698320738, 0.0046326452613484111]
[44, array([ 0.00016708, -0.00021522]), 0.00077262053688231802, 0.0034559482181065527]
[45, array([ 0.00016708, -0.00021522]), 0.00077262053688231802, 0.0022044222288362114]
[46, array([ -1.80341790e-05,   4.49680779e-05]), 0.0001370985495516841, 0.001731292569594256]
[47, array([ -1.80341790e-05,   4.49680779e-05]), 0.0001370985495516841, 0.001236545673262146]
[48, array([ -1.80341790e-05,   4.49680779e-05]), 0.0001370985495516841, 0.00098535591103088294]
[49, array([ -1.80341790e-05,   4.49680779e-05]), 0.0001370985495516841, 0.00068814151445559799]
[50, array([ -1.80341790e-05,   4.49680779e-05]), 0.0001370985495516841, 0.00055322996711870687]
[51, array([ -1.80341790e-05,   4.49680779e-05]), 0.0001370985495516841, 0.00040038077065291945]
[52, array([ -2.00849146e-05,  -7.02430184e-06]), 6.0194751711595273e-05, 0.00032656131605106608]
[53, array([ -2.00849146e-05,  -7.02430184e-06]), 6.0194751711595273e-05, 0.00026082890021283944]
[54, array([  1.24458590e-05,   1.18337125e-05]), 4.8582427802035255e-05, 0.00018677378186362503]
[55, array([  1.24458590e-05,   1.18337125e-05]), 4.8582427802035255e-05, 0.00014977491330414594]
[56, array([ -1.14811608e-05,   5.56989638e-06]), 3.6097637373888602e-05, 0.00011858553466241873]
[57, array([ -1.17807534e-05,   4.22725288e-07]), 3.334614748284892e-05, 9.2677215093051044e-05]
[58, array([ -7.46751637e-06,   8.75430997e-06]), 3.2549092932487866e-05, 7.7226754138859374e-05]
[59, array([  1.81086285e-06,   1.53957545e-06]), 6.7229574871596753e-06, 6.5908345405407692e-05]
#############################################################
[1, array([ 2.01928793,  2.03696557]), 6.7149233573038138, 18.466923699277718]
[2, array([ 2.01928793,  2.03696557]), 6.7149233573038138, 16.667107111521023]
[3, array([ 2.01928793,  2.03696557]), 6.7149233573038138, 15.567523220648402]
[4, array([ 2.01928793,  2.03696557]), 6.7149233573038138, 14.434956488940546]
[5, array([ 2.01928793,  2.03696557]), 6.7149233573038138, 13.506914917841337]
[6, array([ 2.01928793,  2.03696557]), 6.7149233573038138, 12.732065456592078]
[7, array([ 2.01928793,  2.03696557]), 6.7149233573038138, 11.686228167511752]
[8, array([ 2.01928793,  2.03696557]), 6.7149233573038138, 11.377549749763201]
[9, array([ 2.01928793,  2.03696557]), 6.7149233573038138, 10.66700604950535]
[10, array([ 0.99675034, -0.81787041]), 4.0246330022650021, 9.459858226997941]
[11, array([ 0.99675034, -0.81787041]), 4.0246330022650021, 8.506727154197236]
[12, array([ 0.4747585 , -0.28780127]), 3.685897819184405, 6.9970490630125752]
[13, array([-0.10088484,  0.39410733]), 2.8268928349264155, 6.3266913142309757]
[14, array([-0.16357149,  0.0702018 ]), 1.1804152919991293, 5.1739060221684499]
[15, array([-0.16357149,  0.0702018 ]), 1.1804152919991293, 4.5064628930218404]
[16, array([-0.16357149,  0.0702018 ]), 1.1804152919991293, 3.900318506420752]
[17, array([-0.16357149,  0.0702018 ]), 1.1804152919991293, 3.6395916050308998]
[18, array([-0.16357149,  0.0702018 ]), 1.1804152919991293, 2.9103945382726133]
[19, array([-0.03092947, -0.01631957]), 0.1311952650285737, 2.3323473598429301]
[20, array([-0.03092947, -0.01631957]), 0.1311952650285737, 1.9630120919863938]
[21, array([-0.03092947, -0.01631957]), 0.1311952650285737, 1.5916786304163533]
[22, array([-0.03092947, -0.01631957]), 0.1311952650285737, 0.96759325952336828]
[23, array([-0.02849491, -0.00414601]), 0.103375074916642, 0.54771507291862487]
[24, array([-0.02849491, -0.00414601]), 0.103375074916642, 0.4479019024713139]
[25, array([-0.02849491, -0.00414601]), 0.103375074916642, 0.34757931138001102]
[26, array([ -2.63037941e-02,   6.73235873e-05]), 0.09271762877001466, 0.24858907096087704]
[27, array([ 0.00353018,  0.01286043]), 0.042449652267667393, 0.19363657516940469]
[28, array([ 0.00149836, -0.01064551]), 0.033481453228397573, 0.13430502107186076]
[29, array([ 0.00347036, -0.00685351]), 0.023298925255165859, 0.10864954037857091]
[30, array([ 0.00524516, -0.00344071]), 0.018790199516264483, 0.092960209276338107]
[31, array([ 0.00524516, -0.00344071]), 0.018790199516264483, 0.083013740943008424]
[32, array([ 0.00524516, -0.00344071]), 0.018790199516264483, 0.067078612024831313]
[33, array([ 0.00524516, -0.00344071]), 0.018790199516264483, 0.059287636403216215]
[34, array([-0.00112262, -0.00282661]), 0.0088486240843050901, 0.04251479687750033]
[35, array([ 0.00149836, -0.00233581]), 0.0080541852271420744, 0.037498589035447782]
[36, array([ 0.00149836, -0.00233581]), 0.0080541852271420744, 0.02822577452585202]
[37, array([ 0.00103095,  0.00079002]), 0.0037185967545103615, 0.021885644053536969]
[38, array([ 0.00103095,  0.00079002]), 0.0037185967545103615, 0.017094864004449751]
[39, array([ 0.00103095,  0.00079002]), 0.0037185967545103615, 0.012417665989722604]
[40, array([ 0.00103095,  0.00079002]), 0.0037185967545103615, 0.0097091025770335015]
[41, array([ 0.00103095,  0.00079002]), 0.0037185967545103615, 0.0078449974335089052]
[42, array([-0.00083479,  0.00053436]), 0.0028296091080872721, 0.0068344710391076372]
[43, array([-0.00037093, -0.00026503]), 0.0012949688522714276, 0.0053438821488033918]
[44, array([ -2.64267611e-04,   2.23544224e-05]), 0.0007520040978445941, 0.0046001924463635827]
[45, array([ -2.64267611e-04,   2.23544224e-05]), 0.0007520040978445941, 0.0037611810241723552]
[46, array([ -2.64267611e-04,   2.23544224e-05]), 0.0007520040978445941, 0.0036486608971718405]
[47, array([ -2.64267611e-04,   2.23544224e-05]), 0.0007520040978445941, 0.0027780892584689633]
[48, array([ -2.64267611e-04,   2.23544224e-05]), 0.0007520040978445941, 0.0022517930957168808]
[49, array([ -2.64267611e-04,   2.23544224e-05]), 0.0007520040978445941, 0.0019328274931983635]
[50, array([  1.07387715e-04,   5.54767955e-05]), 0.00034226382127799937, 0.0015041167690129421]
[51, array([  1.07387715e-04,   5.54767955e-05]), 0.00034226382127799937, 0.0011239386469546809]
[52, array([  1.07387715e-04,   5.54767955e-05]), 0.00034226382127799937, 0.00091654067993927055]
[53, array([  7.69159504e-05,   5.85332093e-05]), 0.00027363055205542608, 0.00079825738101186867]
[54, array([  7.69159504e-05,   5.85332093e-05]), 0.00027363055205542608, 0.00064960356565277875]
[55, array([ -2.38550372e-05,   4.56508232e-05]), 0.0001457568974854162, 0.00054456398259423717]
[56, array([  4.67016504e-06,   2.83718406e-05]), 8.1349589159618318e-05, 0.00037587985074543083]
[57, array([  4.67016504e-06,   2.83718406e-05]), 8.1349589159618318e-05, 0.00027354782018429447]
[58, array([  2.99439416e-06,   1.81590987e-05]), 5.2064318112332586e-05, 0.00023622133301524074]
[59, array([  2.99439416e-06,   1.81590987e-05]), 5.2064318112332586e-05, 0.00018761864721676956]
[60, array([  2.99439416e-06,   1.81590987e-05]), 5.2064318112332586e-05, 0.00018084573128929193]
[61, array([  2.99439416e-06,   1.81590987e-05]), 5.2064318112332586e-05, 0.00014870529466994852]
[62, array([  2.99439416e-06,   1.81590987e-05]), 5.2064318112332586e-05, 0.00012107549676612094]
[63, array([  2.99439416e-06,   1.81590987e-05]), 5.2064318112332586e-05, 9.989951746378623e-05]
[64, array([  1.32595761e-05,   7.78672449e-06]), 4.3498772591465951e-05, 8.8760073110716317e-05]
[65, array([  1.18109561e-05,   3.59024298e-06]), 3.491978838754406e-05, 7.3958531916940018e-05]
[66, array([ -3.30854095e-06,   3.71762650e-06]), 1.4076792500095081e-05, 5.5534626080966375e-05]
[67, array([ -3.30854095e-06,   3.71762650e-06]), 1.4076792500095081e-05, 4.4825077424714974e-05]
[68, array([  2.28936600e-06,   3.15613882e-06]), 1.102851759471335e-05, 3.4441261386941589e-05]
[69, array([  1.73477284e-06,   3.00617144e-06]), 9.817246365617649e-06, 2.7447537658087384e-05]
#############################################################
[1, array([ 2.01928793,  2.03696557]), 6.7149233573038138, 18.150088284786214]
[2, array([ 2.01928793,  2.03696557]), 6.7149233573038138, 17.089456215942711]
[3, array([ 0.61781451,  1.17351859]), 5.2675252764319751, 14.644865102873535]
[4, array([ 0.61781451,  1.17351859]), 5.2675252764319751, 13.280887779264773]
[5, array([ 0.61781451,  1.17351859]), 5.2675252764319751, 11.557220140919739]
[6, array([ 0.61781451,  1.17351859]), 5.2675252764319751, 9.7940599747173263]
[7, array([ 0.98305738,  0.33348877]), 4.1692167659658281, 8.2959937676892732]
[8, array([ 0.9308604 ,  0.31371571]), 4.0170678432278351, 7.2936712403512249]
[9, array([ 0.31763669, -0.18794568]), 2.7513813930124873, 6.34062280165272]
[10, array([ 0.31763669, -0.18794568]), 2.7513813930124873, 5.9033970620660821]
[11, array([-0.05030361,  0.34429061]), 2.4620291072196463, 4.8086442913269876]
[12, array([ 0.17820828,  0.18604271]), 1.9216879728063962, 4.3645844863854464]
[13, array([ 0.17820828,  0.18604271]), 1.9216879728063962, 3.851790509442691]
[14, array([ 0.17820828,  0.18604271]), 1.9216879728063962, 3.4572952721635168]
[15, array([-0.2141597 , -0.03357552]), 1.4989709183684252, 3.0876168501039176]
[16, array([-0.2141597 , -0.03357552]), 1.4989709183684252, 2.7853389294340589]
[17, array([-0.2141597 , -0.03357552]), 1.4989709183684252, 2.6564660424897601]
[18, array([-0.07272332, -0.19596763]), 1.4507988396083005, 2.4465994017914929]
[19, array([ 0.01553655, -0.12103771]), 0.69763536039169027, 2.2967307118434013]
[20, array([ 0.01553655, -0.12103771]), 0.69763536039169027, 1.9845022509406327]
[21, array([ 0.00187224, -0.00782908]), 0.024492985434144021, 1.4103826238097086]
[22, array([ 0.00187224, -0.00782908]), 0.024492985434144021, 1.0935834958111419]
[23, array([ 0.00187224, -0.00782908]), 0.024492985434144021, 0.70222647677098016]
[24, array([ 0.00187224, -0.00782908]), 0.024492985434144021, 0.55018113104205868]
[25, array([ 0.00484696,  0.00326425]), 0.017437454275296194, 0.38875410352337259]
[26, array([ 0.00484696,  0.00326425]), 0.017437454275296194, 0.2574258986019955]
[27, array([ 0.00484696,  0.00326425]), 0.017437454275296194, 0.22978977164734776]
[28, array([ 0.00484696,  0.00326425]), 0.017437454275296194, 0.18721050378820356]
[29, array([ 0.00457923,  0.00226585]), 0.015145828894770563, 0.11467059213165927]
[30, array([ 0.00457923,  0.00226585]), 0.015145828894770563, 0.063789847247564868]
[31, array([-0.00193756, -0.00025965]), 0.0056310007984348154, 0.040802626914040643]
[32, array([-0.00193756, -0.00025965]), 0.0056310007984348154, 0.033197409929207833]
[33, array([-0.00193756, -0.00025965]), 0.0056310007984348154, 0.025880947098292407]
[34, array([ 0.00023826,  0.00094379]), 0.0027784255461580365, 0.02309012096990708]
[35, array([ 0.00023826,  0.00094379]), 0.0027784255461580365, 0.015662121578041078]
[36, array([ 0.00023826,  0.00094379]), 0.0027784255461580365, 0.01490313828526384]
[37, array([ 0.00023826,  0.00094379]), 0.0027784255461580365, 0.012539608988987094]
[38, array([ 0.00023826,  0.00094379]), 0.0027784255461580365, 0.011708889977752702]
[39, array([ 0.00023826,  0.00094379]), 0.0027784255461580365, 0.0097902239437620327]
[40, array([ 0.00023826,  0.00094379]), 0.0027784255461580365, 0.0088444439621883746]
[41, array([ 0.00023826,  0.00094379]), 0.0027784255461580365, 0.0078623037927573417]
[42, array([-0.00055694, -0.00025965]), 0.0017481043888492032, 0.0059022716968210711]
[43, array([-0.0003371 , -0.00025563]), 0.0012013663151972942, 0.0035955893423566644]
[44, array([-0.0003371 , -0.00025563]), 0.0012013663151972942, 0.0029708888782960406]
[45, array([ 0.00025012, -0.00018608]), 0.00088435030983946561, 0.0025673157921001001]
[46, array([  1.52825519e-04,   9.05709301e-05]), 0.00050330414890398245, 0.0019086957443662732]
[47, array([  1.52825519e-04,   9.05709301e-05]), 0.00050330414890398245, 0.0015867985651499162]
[48, array([  1.53089927e-04,   5.64125742e-05]), 0.00046217521405766959, 0.0013105065698215234]
[49, array([  1.53089927e-04,   5.64125742e-05]), 0.00046217521405766959, 0.0011207841550409548]
[50, array([  8.66660777e-05,   5.64125742e-05]), 0.00029276910671116596, 0.00086073083618005693]
[51, array([  8.66660777e-05,   5.64125742e-05]), 0.00029276910671116596, 0.00073811513238970501]
[52, array([ -4.07581047e-06,   3.03106583e-05]), 8.6528004296315686e-05, 0.00060108171010311298]
[53, array([  2.36099693e-05,   1.79166900e-05]), 8.3853621213325624e-05, 0.00041592523617692832]
[54, array([  2.36099693e-05,   1.79166900e-05]), 8.3853621213325624e-05, 0.00032747376164197204]
[55, array([  2.36099693e-05,   1.79166900e-05]), 8.3853621213325624e-05, 0.00027902000485751087]
[56, array([  2.36099693e-05,   1.79166900e-05]), 8.3853621213325624e-05, 0.00023862485366583642]
[57, array([  2.36099693e-05,   1.79166900e-05]), 8.3853621213325624e-05, 0.00019153715455404451]
[58, array([  2.50245706e-05,   1.40089347e-05]), 8.1138083733112154e-05, 0.00016364687293490832]
[59, array([ -2.02466226e-05,  -1.43833926e-05]), 7.0262148164079719e-05, 0.00013166603815735202]
[60, array([  1.94546333e-05,   1.13400534e-05]), 6.3705233380506598e-05, 0.00011686081115618308]
[61, array([  1.94546333e-05,   1.13400534e-05]), 6.3705233380506598e-05, 0.00010396004048756069]
[62, array([  6.56146779e-06,   5.41303835e-06]), 2.4060828334615536e-05, 8.5381205260492971e-05]
[63, array([  6.56146779e-06,   5.41303835e-06]), 2.4060828334615536e-05, 7.3132031762934707e-05]
[64, array([  2.16952407e-06,   4.67653239e-07]), 6.2774135334286996e-06, 6.4644710705241687e-05]
#############################################################
[1, array([ 2.01928793,  2.03696557]), 6.7149233573038138, 17.923435210641927]
[2, array([ 2.01928793,  2.03696557]), 6.7149233573038138, 17.244311347412427]
[3, array([ 2.01928793,  2.03696557]), 6.7149233573038138, 16.076790117176898]
[4, array([ 2.01928793,  2.03696557]), 6.7149233573038138, 15.358094876662653]
[5, array([ 2.01928793,  2.03696557]), 6.7149233573038138, 14.228411787010192]
[6, array([ 2.01928793,  2.03696557]), 6.7149233573038138, 13.011908594626581]
[7, array([ 0.05468193,  1.77283527]), 5.4353737154537924, 11.282327562935651]
[8, array([ 0.05468193,  1.77283527]), 5.4353737154537924, 10.057246475463375]
[9, array([ 0.13990784,  1.20709807]), 4.3046183388989192, 8.28119119154392]
[10, array([ 0.13990784,  1.20709807]), 4.3046183388989192, 7.4060885391261735]
[11, array([ 0.57646793, -0.15650433]), 3.4915884396824777, 6.4363171182984802]
[12, array([ 0.57646793, -0.15650433]), 3.4915884396824777, 5.9108190581762381]
[13, array([ 0.57646793, -0.15650433]), 3.4915884396824777, 5.392663790916532]
[14, array([-0.04027449, -0.17541812]), 1.1871351135344459, 4.3288262631868779]
[15, array([-0.04027449, -0.17541812]), 1.1871351135344459, 3.9193802088839362]
[16, array([-0.15934451,  0.05360011]), 1.0889716399374518, 3.6373043742767805]
[17, array([-0.05218149, -0.1525163 ]), 1.0290107968543052, 3.5214237905419394]
[18, array([-0.05218149, -0.1525163 ]), 1.0290107968543052, 3.2538699854352089]
[19, array([-0.00770133, -0.14566472]), 0.89169034136362102, 2.6770177364941699]
[20, array([-0.00770133, -0.14566472]), 0.89169034136362102, 2.0571352888814682]
[21, array([-0.09343175,  0.01922841]), 0.49537166677535227, 1.8120573404527491]
[22, array([-0.07881939, -0.00056047]), 0.38019503444572722, 1.5428057372787916]
[23, array([-0.07881939, -0.00056047]), 0.38019503444572722, 1.4223320691692014]
[24, array([-0.07881939, -0.00056047]), 0.38019503444572722, 1.1182946146742689]
[25, array([-0.01799449, -0.02447919]), 0.11035784211636868, 0.98208497596211564]
[26, array([-0.01799449, -0.02447919]), 0.11035784211636868, 0.78493881906905982]
[27, array([-0.01799449, -0.02447919]), 0.11035784211636868, 0.62350912720515184]
[28, array([ 0.01678835,  0.01077224]), 0.066985266672503929, 0.45973523195894239]
[29, array([ 0.01678835,  0.01077224]), 0.066985266672503929, 0.3630216461068434]
[30, array([ 0.01678835,  0.01077224]), 0.066985266672503929, 0.28927818470575845]
[31, array([ 0.01678835,  0.01077224]), 0.066985266672503929, 0.24528664790614566]
[32, array([-0.0070125 ,  0.01131381]), 0.042360788196319721, 0.20908694756791943]
[33, array([ 0.00132497,  0.00398289]), 0.012341417114825948, 0.15285186930690359]
[34, array([ 0.00212734, -0.00047033]), 0.0062887191173328638, 0.092471867137390529]
[35, array([ 0.00212734, -0.00047033]), 0.0062887191173328638, 0.069204809413757479]
[36, array([ 0.00145201,  0.00012348]), 0.0041782615346090957, 0.047754940117579546]
[37, array([ 0.00145201,  0.00012348]), 0.0041782615346090957, 0.035670014753498777]
[38, array([ 0.00145201,  0.00012348]), 0.0041782615346090957, 0.025615753132924989]
[39, array([ 0.00040369, -0.00012573]), 0.0012006735186891326, 0.018407512081953837]
[40, array([ 0.00040369, -0.00012573]), 0.0012006735186891326, 0.014386793698060263]
[41, array([ 0.00040369, -0.00012573]), 0.0012006735186891326, 0.0077535188480088559]
[42, array([ 0.00040369, -0.00012573]), 0.0012006735186891326, 0.0060110072965188447]
[43, array([ 0.00040369, -0.00012573]), 0.0012006735186891326, 0.0047025039755905773]
[44, array([  3.01946835e-05,   9.16118891e-05]), 0.00027307675112497876, 0.0034876560900351629]
[45, array([  3.01946835e-05,   9.16118891e-05]), 0.00027307675112497876, 0.0027354983200623016]
[46, array([  3.01946835e-05,   9.16118891e-05]), 0.00027307675112497876, 0.0024190866915582811]
[47, array([  3.01946835e-05,   9.16118891e-05]), 0.00027307675112497876, 0.0020060338069264995]
[48, array([  3.01946835e-05,   9.16118891e-05]), 0.00027307675112497876, 0.0017245705531206746]
[49, array([  3.01946835e-05,   9.16118891e-05]), 0.00027307675112497876, 0.0014864155339158636]
[50, array([  3.01946835e-05,   9.16118891e-05]), 0.00027307675112497876, 0.0012449800915869779]
[51, array([  3.01946835e-05,   9.16118891e-05]), 0.00027307675112497876, 0.0010526457500072972]
[52, array([  3.01946835e-05,   9.16118891e-05]), 0.00027307675112497876, 0.00083429303991744419]
[53, array([  3.01946835e-05,   9.16118891e-05]), 0.00027307675112497876, 0.00065102140678225946]
[54, array([ -5.83683902e-05,   1.59846107e-05]), 0.00017126707073034098, 0.00045562868845712147]
[55, array([ -5.83683902e-05,   1.59846107e-05]), 0.00017126707073034098, 0.00039783563646773602]
[56, array([  2.83269583e-06,  -2.90929066e-05]), 8.2699054619883583e-05, 0.000297560008644826]
[57, array([  6.83974731e-06,  -2.04365836e-05]), 6.0967176171988768e-05, 0.00024315782917492257]
[58, array([  8.29244046e-06,   1.91159742e-05]), 5.8947801083508722e-05, 0.00020812858655174792]
[59, array([  8.29244046e-06,   1.91159742e-05]), 5.8947801083508722e-05, 0.00018365239843509684]
[60, array([  8.29244046e-06,   1.91159742e-05]), 5.8947801083508722e-05, 0.00015532231597683576]
[61, array([ -2.86962073e-06,  -1.64616796e-05]), 4.7270242387487116e-05, 0.00012751479759591787]
[62, array([ -2.86962073e-06,  -1.64616796e-05]), 4.7270242387487116e-05, 0.00010153874040321753]
[63, array([ -3.67777962e-06,   4.28389983e-06]), 1.5970284842570237e-05, 8.5280676441268352e-05]
[64, array([ -3.67777962e-06,   4.28389983e-06]), 1.5970284842570237e-05, 6.9179588912948731e-05]
[65, array([ -3.56802922e-06,   7.15017429e-07]), 1.0292906204245611e-05, 4.7738361364135781e-05]
[66, array([ -3.56802922e-06,   7.15017429e-07]), 1.0292906204245611e-05, 3.7259801938471782e-05]
[67, array([ -3.56802922e-06,   7.15017429e-07]), 1.0292906204245611e-05, 2.9249184318747013e-05]
[68, array([ -3.56802922e-06,   7.15017429e-07]), 1.0292906204245611e-05, 2.3818487984517135e-05]
[69, array([ -2.60915101e-07,  -1.23733652e-06]), 3.5767207617887209e-06, 1.9189284126408523e-05]
#############################################################
[1, array([ 2.01928793,  2.03696557]), 6.7149233573038138, 18.471624652988464]
[2, array([-1.14100745,  1.52169335]), 6.5990490664064616, 17.977843437454172]
[3, array([-1.14100745,  1.52169335]), 6.5990490664064616, 16.850963651616507]
[4, array([-1.14100745,  1.52169335]), 6.5990490664064616, 15.065941667011149]
[5, array([ 1.03957287, -1.5810189 ]), 6.3647238436382203, 13.067583003146098]
[6, array([ 1.03957287, -1.5810189 ]), 6.3647238436382203, 10.943238329369562]
[7, array([-0.85912098, -0.37421406]), 4.2352469610873378, 9.7153663437210405]
[8, array([-0.44766579,  0.38901893]), 3.902687665521086, 8.6919657342579644]
[9, array([ 0.17634171, -0.63038805]), 3.5980629014865149, 7.3709148268078026]
[10, array([ 0.17634171, -0.63038805]), 3.5980629014865149, 6.8332453825592028]
[11, array([ 0.17634171, -0.63038805]), 3.5980629014865149, 6.3194006078957674]
[12, array([ 0.17634171, -0.63038805]), 3.5980629014865149, 5.3251478604052913]
[13, array([-0.44766579, -0.10122951]), 3.0437314678656873, 4.8436121085085855]
[14, array([-0.44766579, -0.10122951]), 3.0437314678656873, 4.5453937313502664]
[15, array([ 0.45072241,  0.01086905]), 2.9308172342112759, 4.0376521158351455]
[16, array([ 0.45072241,  0.01086905]), 2.9308172342112759, 3.7193177937764768]
[17, array([-0.17328509, -0.02540139]), 1.1419454132449371, 3.2413786329952856]
[18, array([-0.11088434, -0.07632137]), 0.80878073989543298, 2.9633353748956095]
[19, array([-0.11088434, -0.07632137]), 0.80878073989543298, 2.629516356571048]
[20, array([-0.11088434, -0.07632137]), 0.80878073989543298, 2.3230640736242294]
[21, array([-0.06566332, -0.00929218]), 0.30060156199235921, 1.9625889816046729]
[22, array([-0.06566332, -0.00929218]), 0.30060156199235921, 1.7121127983631745]
[23, array([-0.06566332, -0.00929218]), 0.30060156199235921, 1.680680457799054]
[24, array([ 0.01265849, -0.01609947]), 0.069063606435566971, 1.329482440726379]
[25, array([ 0.01265849, -0.01609947]), 0.069063606435566971, 1.1142400761522704]
[26, array([ 0.01265849, -0.01609947]), 0.069063606435566971, 0.88088034750937061]
[27, array([ 0.01265849, -0.01609947]), 0.069063606435566971, 0.70193161983305496]
[28, array([ 0.01265849, -0.01609947]), 0.069063606435566971, 0.47327769031429445]
[29, array([ 0.00191227,  0.0178925 ]), 0.059495228427728808, 0.38717829717123714]
[30, array([ 0.00191227,  0.0178925 ]), 0.059495228427728808, 0.2717981781632669]
[31, array([ 0.00191227,  0.0178925 ]), 0.059495228427728808, 0.20291275195908148]
[32, array([-0.00606274,  0.00734092]), 0.029341240216926412, 0.12469025425477129]
[33, array([-0.00606274,  0.00215225]), 0.019298255747515203, 0.11023223894694559]
[34, array([-0.00606274,  0.00215225]), 0.019298255747515203, 0.096809432306667539]
[35, array([-0.00606274,  0.00215225]), 0.019298255747515203, 0.063616357382469513]
[36, array([ 0.00136352, -0.00260425]), 0.008544568435830957, 0.057965697219214275]
[37, array([ 0.00136352, -0.00260425]), 0.008544568435830957, 0.035244327532197681]
[38, array([ 0.00136352, -0.00260425]), 0.008544568435830957, 0.024045460371506434]
[39, array([ 0.00254528, -0.00035658]), 0.0074453419042161961, 0.019804111299935822]
[40, array([ 0.00254528, -0.00035658]), 0.0074453419042161961, 0.017199600187231656]
[41, array([ 0.00254528, -0.00035658]), 0.0074453419042161961, 0.015562701576008475]
[42, array([ 0.00137085, -0.00029544]), 0.0040187409260004081, 0.012950321896453421]
[43, array([ 0.00137085, -0.00029544]), 0.0040187409260004081, 0.0093691704905229933]
[44, array([ 0.00024251, -0.00047206]), 0.0015085650203841006, 0.0081034371034172104]
[45, array([ 0.00024251, -0.00047206]), 0.0015085650203841006, 0.0057255502178789721]
[46, array([ 0.00024251, -0.00047206]), 0.0015085650203841006, 0.0044168753662803262]
[47, array([  3.86877570e-04,  -1.73298980e-05]), 0.0010993458610362161, 0.0035493406436896357]
[48, array([  1.65120117e-04,  -2.86591717e-05]), 0.00047476055277018148, 0.0032478707604412628]
[49, array([  1.21561122e-04,  -8.82988796e-05]), 0.00042556038081942305, 0.0023321789743204315]
[50, array([  1.21561122e-04,  -8.82988796e-05]), 0.00042556038081942305, 0.0018289188084758656]
[51, array([  1.21561122e-04,  -8.82988796e-05]), 0.00042556038081942305, 0.0016485571960292767]
[52, array([  1.21561122e-04,  -8.82988796e-05]), 0.00042556038081942305, 0.001495556936773479]
[53, array([  8.67558581e-05,   4.62306193e-05]), 0.00027830551652785473, 0.0010769727613539892]
[54, array([  4.31968625e-05,  -1.34090886e-05]), 0.00012798485002152304, 0.00077894607069621817]
[55, array([  4.31968625e-05,  -1.34090886e-05]), 0.00012798485002152304, 0.00053999876571895198]
[56, array([ -3.01783735e-05,  -1.99855238e-05]), 0.00010241282978684652, 0.00036615425857204896]
[57, array([ -1.94837042e-06,   3.50627209e-05]), 9.9358183714759463e-05, 0.00029438863226305401]
[58, array([ -1.94837042e-06,   3.50627209e-05]), 9.9358183714759463e-05, 0.00024149217083637708]
[59, array([  3.26253177e-07,   2.13847394e-05]), 6.0504395975602421e-05, 0.00019053136375584144]
[60, array([  3.26253177e-07,   2.13847394e-05]), 6.0504395975602421e-05, 0.00016673269077633891]
[61, array([ -1.63257341e-07,   2.26747463e-06]), 6.4301262203692033e-06, 0.00013799539419752095]
#############################################################
[1, array([ 2.01928793,  2.03696557]), 6.7149233573038138, 17.708139862727158]
[2, array([ 2.01928793,  2.03696557]), 6.7149233573038138, 16.872425344263302]
[3, array([ 2.01928793,  2.03696557]), 6.7149233573038138, 15.022755587077622]
[4, array([ 2.01928793,  2.03696557]), 6.7149233573038138, 13.997032196148259]
[5, array([ 2.01928793,  2.03696557]), 6.7149233573038138, 12.470765508407444]
[6, array([-1.36865957,  0.96156313]), 5.7738378013296483, 11.509115779842016]
[7, array([-0.1124913 , -0.90115322]), 2.9323417598029349, 10.536895135149047]
[8, array([-0.1124913 , -0.90115322]), 2.9323417598029349, 9.7745599754866213]
[9, array([-0.1124913 , -0.90115322]), 2.9323417598029349, 8.8096381238725563]
[10, array([-0.1124913 , -0.90115322]), 2.9323417598029349, 8.0199735807328416]
[11, array([ 0.42145853,  0.02774245]), 2.8244860089213444, 7.1050238237135819]
[12, array([ 0.42145853,  0.02774245]), 2.8244860089213444, 6.0501571416793976]
[13, array([ 0.15771719, -0.19791728]), 1.8769867865648178, 5.574036045239728]
[14, array([ 0.08658496,  0.09383504]), 0.75191299764418007, 4.6792360621658551]
[15, array([ 0.08658496,  0.09383504]), 0.75191299764418007, 3.9302247821984642]
[16, array([ 0.10044246, -0.06488598]), 0.68408349494772525, 3.344280122147365]
[17, array([ 0.04889519,  0.05484219]), 0.34654807710899904, 2.5106944063604191]
[18, array([ 0.02017214,  0.06244893]), 0.29658840030948186, 2.0895316884049095]
[19, array([ 0.02017214,  0.06244893]), 0.29658840030948186, 1.7777037846405732]
[20, array([ 0.02017214,  0.06244893]), 0.29658840030948186, 1.4208368852558819]
[21, array([-0.06447424, -0.00320461]), 0.28982999155298872, 1.191199151100103]
[22, array([-0.00860083,  0.03287435]), 0.12658227115363063, 0.78079459074998714]
[23, array([-0.00860083,  0.03287435]), 0.12658227115363063, 0.56918910926143018]
[24, array([ 0.02539677,  0.01724866]), 0.11177023422420307, 0.43417499492999473]
[25, array([-0.01190961, -0.00119009]), 0.037663404823881752, 0.30748439678806677]
[26, array([-0.01190961, -0.00119009]), 0.037663404823881752, 0.16581769014381081]
[27, array([ 0.00596011, -0.01007533]), 0.036755672666764827, 0.13650329849561685]
[28, array([ 0.00596011, -0.01007533]), 0.036755672666764827, 0.10202393435994131]
[29, array([ 0.00460813,  0.00317612]), 0.016663637102798834, 0.085300370838777881]
[30, array([ 0.00460813,  0.00317612]), 0.016663637102798834, 0.050223436654666019]
[31, array([ 0.00460813,  0.00317612]), 0.016663637102798834, 0.036968349520663767]
[32, array([-0.00168694, -0.00073324]), 0.0052927186305820051, 0.032500340191276414]
[33, array([-0.00118716, -0.00119009]), 0.0048297565892068128, 0.0209628523899398]
[34, array([-0.00118716, -0.00119009]), 0.0048297565892068128, 0.017235438866419185]
[35, array([-0.00118716, -0.00119009]), 0.0048297565892068128, 0.015521449763179884]
[36, array([-0.00118716, -0.00119009]), 0.0048297565892068128, 0.01164152905498499]
[37, array([-0.00064364, -0.0003281 ]), 0.0020572822933115908, 0.007913727848432384]
[38, array([-0.00064364, -0.0003281 ]), 0.0020572822933115908, 0.0055730250368767106]
[39, array([-0.00064364, -0.0003281 ]), 0.0020572822933115908, 0.0051650434802994914]
[40, array([-0.00034336, -0.0001018 ]), 0.0010163836430234774, 0.0036174141699256701]
[41, array([ -7.31136668e-05,   1.01865406e-04]), 0.00035506968704313024, 0.0027649908256498711]
[42, array([ -7.31136668e-05,   1.01865406e-04]), 0.00035506968704313024, 0.0018809443459892883]
[43, array([  1.05325248e-04,  -4.94578618e-05]), 0.00032947435086017052, 0.0014775942365715445]
[44, array([  1.05325248e-04,  -4.94578618e-05]), 0.00032947435086017052, 0.0011885183901612529]
[45, array([  1.05325248e-04,  -4.94578618e-05]), 0.00032947435086017052, 0.00084975097597999043]
[46, array([  1.39950731e-06,   4.38343435e-05]), 0.00012409663767032342, 0.00073903626625737573]
[47, array([  1.39950731e-06,   4.38343435e-05]), 0.00012409663767032342, 0.00059426040667132085]
[48, array([  1.39950731e-06,   4.38343435e-05]), 0.00012409663767032342, 0.00045628154802708211]
[49, array([  1.15241564e-05,  -3.49077424e-05]), 0.00010401123764625098, 0.00038962154569839315]
[50, array([  1.15241564e-05,  -3.49077424e-05]), 0.00010401123764625098, 0.00031608967295655433]
[51, array([  1.15241564e-05,  -3.49077424e-05]), 0.00010401123764625098, 0.00025267889260254249]
[52, array([  1.15241564e-05,  -3.49077424e-05]), 0.00010401123764625098, 0.00021447486643841885]
[53, array([  5.20361144e-06,   2.02862828e-05]), 5.9247536399187339e-05, 0.00017656914465602469]
[54, array([  5.20361144e-06,   2.02862828e-05]), 5.9247536399187339e-05, 0.00014173820327991748]
[55, array([  1.43921657e-05,   4.31193362e-07]), 4.073097806811532e-05, 0.00010015033788084438]
[56, array([  1.15586706e-05,   3.60452360e-07]), 3.2712311242466541e-05, 8.091685020099604e-05]
[57, array([  3.38327564e-07,  -2.01186508e-06]), 5.7704256453128266e-06, 7.0071171807573052e-05]
#############################################################
[1, array([ 2.01928793,  2.03696557]), 6.7149233573038138, 18.164351393266919]
[2, array([ 2.01928793,  2.03696557]), 6.7149233573038138, 17.719793226732108]
[3, array([ 2.01928793,  2.03696557]), 6.7149233573038138, 16.937456201220339]
[4, array([-1.68000131,  0.04539342]), 5.643171360290939, 15.731655803279518]
[5, array([-1.68000131,  0.04539342]), 5.643171360290939, 14.142110609008167]
[6, array([-1.68000131,  0.04539342]), 5.643171360290939, 12.967524804126104]
[7, array([-1.68000131,  0.04539342]), 5.643171360290939, 11.774346416342221]
[8, array([ 0.36144267,  1.11339091]), 4.7118737546503233, 10.054829755839965]
[9, array([ 0.36144267,  1.11339091]), 4.7118737546503233, 8.2451236700273718]
[10, array([ 0.94616666,  0.86082754]), 3.8192724238646396, 6.9969661114587023]
[11, array([ 0.36144267, -0.07036983]), 2.5946202604763546, 6.015377109028516]
[12, array([-0.21743407, -0.11655179]), 1.7985686302413382, 4.8628413768569132]
[13, array([-0.21743407, -0.11655179]), 1.7985686302413382, 4.1811935419035899]
[14, array([-0.05784284,  0.0024495 ]), 0.25058257218789537, 3.6036954621940054]
[15, array([-0.05784284,  0.0024495 ]), 0.25058257218789537, 2.9013402644571902]
[16, array([-0.05784284,  0.0024495 ]), 0.25058257218789537, 2.4666933822791068]
[17, array([-0.05784284,  0.0024495 ]), 0.25058257218789537, 2.2331263743197338]
[18, array([-0.05784284,  0.0024495 ]), 0.25058257218789537, 1.9430343111144182]
[19, array([-0.05784284,  0.0024495 ]), 0.25058257218789537, 1.6164109890783114]
[20, array([-0.04265362,  0.0024495 ]), 0.16872300465663814, 1.4070245272913666]
[21, array([-0.04265362,  0.0024495 ]), 0.16872300465663814, 1.0978838534549318]
[22, array([-0.03601595,  0.00836258]), 0.14058906246764069, 0.76126558083842322]
[23, array([ 0.00570946, -0.02205428]), 0.078198826058600179, 0.6175546359252625]
[24, array([ 0.01168336, -0.0167325 ]), 0.068780657427435887, 0.42664742497715802]
[25, array([ 0.01168336, -0.0167325 ]), 0.068780657427435887, 0.29454837250721855]
[26, array([-0.00646927,  0.0024495 ]), 0.020839345997931691, 0.21923852719000853]
[27, array([-0.00646927,  0.0024495 ]), 0.020839345997931691, 0.17604269587194538]
[28, array([-0.00271399, -0.00028802]), 0.0079177516406585546, 0.10865700759767512]
[29, array([-0.00271399, -0.00028802]), 0.0079177516406585546, 0.071387331055699915]
[30, array([-0.00271399, -0.00028802]), 0.0079177516406585546, 0.056652942667319642]
[31, array([-0.00271399, -0.00028802]), 0.0079177516406585546, 0.045630073028222015]
[32, array([ -2.83286012e-05,  -1.57438786e-03]), 0.0045197858405612301, 0.031135563788124987]
[33, array([ -2.83286012e-05,  -1.57438786e-03]), 0.0045197858405612301, 0.022846114468371058]
[34, array([-0.00034364,  0.00038266]), 0.0014617407851820197, 0.01472223050594712]
[35, array([  4.71729612e-04,   4.07844585e-05]), 0.0013452000852116619, 0.011437751100877146]
[36, array([  4.71729612e-04,   4.07844585e-05]), 0.0013452000852116619, 0.0082394956500871259]
[37, array([ -1.98011232e-04,  -7.35948108e-05]), 0.00059868066798474118, 0.0055095811841257888]
[38, array([ -1.98011232e-04,  -7.35948108e-05]), 0.00059868066798474118, 0.0047588013688069529]
[39, array([ -1.48549570e-04,  -9.06304202e-05]), 0.00049299204935637775, 0.0029175260866906249]
[40, array([ -5.45724134e-05,  -1.22998078e-04]), 0.00038107826752353802, 0.0020373767964602329]
[41, array([ -5.45724134e-05,  -1.22998078e-04]), 0.00038107826752353802, 0.0015122862309547181]
[42, array([ -5.45724134e-05,  -1.22998078e-04]), 0.00038107826752353802, 0.0013015886277016441]
[43, array([ -7.66626528e-05,  -7.35948108e-05]), 0.00030087828135849648, 0.0010272741067468339]
[44, array([ -7.66626528e-05,  -7.35948108e-05]), 0.00030087828135849648, 0.00079518276817092115]
[45, array([ -1.96266217e-06,  -4.42551607e-06]), 1.3693610700915571e-05, 0.00058087171205185579]
[46, array([ -1.96266217e-06,  -4.42551607e-06]), 1.3693610700915571e-05, 0.00046516651564632028]
[47, array([ -1.96266217e-06,  -4.42551607e-06]), 1.3693610700915571e-05, 0.00039478631347202866]
[48, array([ -1.96266217e-06,  -4.42551607e-06]), 1.3693610700915571e-05, 0.00030904260223207913]
[49, array([ -1.96266217e-06,  -4.42551607e-06]), 1.3693610700915571e-05, 0.00019568063948289806]
[50, array([ -1.96266217e-06,  -4.42551607e-06]), 1.3693610700915571e-05, 0.00015544512343046435]
[51, array([ -1.96266217e-06,  -4.42551607e-06]), 1.3693610700915571e-05, 0.00011808510923652093]
[52, array([ -3.13029963e-06,  -2.67490943e-07]), 8.8863540779193784e-06, 8.877421650614892e-05]
#############################################################
